1155885	1945705	528815	760239	1317946	1958888	812867	2820644	1297122	412412	240415	2034572	1117290	1625981	1757454	807184	2505812	1745013	272031	1649138	232022	1616705	1617752	1077537	21573	2078457	80071	351511	1123006	2196310	738180	2688341	1075350	280855	1174499	1543252	642981	2445214	628103	1693393	
1123006	1155885	2196310	2688341	1075350	280855	1174499	1543252	642981	2445214	1945705	528815	628103	1693393	1792061	760239	2751025	1317946	163183	2343235	1925613	2384820	91895	2780051	1331599	1864420	1816408	342822	2138418	2319206	543909	275271	366263	1833841	1335724	1892406	959080	2835151	2835150	2835160	
543909	1102675	1801680	2138418	2343235	1925613	1123006	1155885	2196310	2384820	2688341	91895	1075350	280855	2780051	1174499	1543252	642981	2445214	1945705	1331599	528815	1864420	275271	628103	366263	1693393	1816408	1792061	760239	2751025	342822	1833841	1317946	163183	1892406	1335724	959080	2835151	2835150	
543909	2138418	2343235	1925613	1123006	1155885	2196310	2384820	2688341	91895	1075350	280855	2780051	1543252	642981	2445214	1945705	1331599	528815	1864420	275271	628103	366263	1693393	1816408	1792061	760239	2751025	342822	1833841	1317946	163183	1892406	1335724	959080	2835151	2835150	2835160	2835155	2835154	
543909	2138418	2343235	1925613	1123006	1155885	2196310	2384820	2688341	91895	1075350	280855	2780051	1543252	642981	1945705	1331599	528815	1864420	275271	628103	366263	1693393	1816408	1792061	760239	2751025	342822	1833841	1317946	163183	1892406	1335724	959080	2835151	2835150	2835160	2835155	2835154	2835153	
2179088	2343235	1123006	1155885	2196310	738180	1770603	1926685	1394516	1419139	1075350	280855	2780051	1093338	642981	12499	1102675	628103	1792061	1317946	218580	1785979	2319206	543909	366263	1833841	1531728	1801680	1892406	959080	2016426	1703405	1491497	197365	2507580	1876934	2319358	698173	101149	1543252	
2179088	1785979	2343235	1123006	1155885	2196310	738180	1770603	1926685	1394516	1419139	1075350	280855	2780051	543909	1093338	642981	12499	1102675	628103	218580	366263	1792061	1833841	1317946	1531728	1892406	959080	2016426	1801680	1703405	2138418	1491497	197365	2507580	2384820	1876934	2319358	698173	1591713	
2179088	1785979	2343235	1123006	1155885	2196310	1770603	1926685	1394516	1419139	1075350	280855	2780051	543909	1093338	642981	12499	1102675	628103	218580	366263	1792061	1833841	1317946	1531728	1892406	959080	2016426	1801680	1703405	2138418	1491497	197365	2507580	2384820	1876934	2319358	698173	1591713	101149	
2179088	1785979	2343235	1123006	1155885	2196310	1926685	1394516	1419139	1075350	280855	2780051	543909	1093338	642981	12499	1102675	628103	218580	366263	1792061	1833841	1317946	1531728	1892406	959080	2016426	1801680	1703405	2138418	1491497	197365	2507580	2384820	1876934	2319358	698173	1591713	101149	1543252	
2179088	1785979	2343235	1123006	1155885	2196310	1926685	1394516	1419139	1075350	280855	2780051	543909	1093338	642981	12499	1102675	628103	366263	1792061	1833841	1317946	1531728	1892406	959080	2016426	1801680	1703405	2138418	1491497	197365	2507580	2384820	1876934	2319358	698173	1591713	101149	1543252	1969216	
2138418	2196310	642981	959080	2016426	2009801	1225184	166018	2862726	2862725	2862723	2862722	1892406	218580	2859887	366263	1833841	2835160	163183	1077665	2204610	1562789	1703405	2872735	1693393	1394516	704033	2901053	660424	3080090	2343235	1543252	1864420	1876934	2780051	628103	1123006	1155885	738180	1075350	
2343235	2196310	642981	1864420	1833841	1892406	959080	2016426	2009801	1225184	1876934	166018	218580	2859887	2862726	2862725	2872735	2780051	628103	2138418	1123006	1155885	738180	1075350	366263	1693393	1792061	2835151	2835160	2872734	91895	280855	163183	1969216	1945705	1785979	2850490	1077665	2204610	2901052	
1892406	2343235	959080	2859887	2196310	1876934	2016426	166018	2009801	2862725	642981	1225184	1864420	218580	1833841	2872735	2872734	2850490	1785979	2138418	1123006	2835151	2835160	1155885	738180	2204610	2901052	1075350	2780051	1969216	2862723	2862722	1077665	628103	366263	1693393	1792061	282637	2859886	2540494	
2343235	959080	2859887	2196310	1876934	2016426	166018	2009801	2862725	642981	1225184	1864420	218580	1833841	2872735	2872734	2850490	1785979	2138418	1123006	2835151	2835160	1155885	738180	2204610	2901052	1075350	2780051	1969216	2862723	2862722	1077665	628103	366263	1693393	1792061	282637	2859886	2540494	91895	
2343235	959080	2859887	2196310	1876934	2016426	166018	2862725	642981	1225184	1864420	218580	1833841	2872735	2872734	2850490	1785979	2138418	1123006	2835151	2835160	1155885	738180	2204610	2901052	1075350	2780051	1969216	2862723	2862722	1077665	628103	366263	1693393	1792061	282637	2859886	2540494	91895	2877662	
2343235	1123006	1155885	2196310	1770603	1075350	280855	2780051	642981	2445214	1986809	2625802	628103	218580	1792061	2751025	1317946	163183	1785979	543909	366263	1833841	1335724	1801680	1892406	959080	2016426	197365	2384820	1876934	91895	1543252	1864420	1693393	2250876	2138418	282637	2884334	2884335	2884336	
2343235	1123006	197365	1155885	2196310	2384820	1876934	1770603	1075350	280855	2780051	1543252	642981	2445214	1986809	2625802	1864420	628103	218580	1693393	1792061	2250876	2751025	1317946	163183	1785979	2138418	543909	282637	366263	1833841	1335724	1801680	1892406	959080	2884334	2884335	2884336	2884337	2835151	
1892406	1785979	2138418	2343235	1335724	959080	1123006	2884334	2884335	2884336	2884337	2835151	2835150	197365	1155885	2196310	2384820	1876934	1770603	2016426	1075350	280855	2780051	1543252	543909	642981	2445214	282637	1986809	2625802	1225184	1864420	628103	218580	366263	1693393	1792061	2250876	2751025	1833841	
1892406	1785979	2138418	2343235	1335724	959080	1123006	2884334	2884335	2884336	2884337	2835151	2835150	197365	1155885	2196310	2384820	1876934	1770603	2016426	1075350	280855	2780051	1543252	543909	642981	2445214	282637	1986809	2625802	1225184	1864420	628103	218580	366263	1693393	1792061	2751025	1833841	1317946	
1892406	1785979	2138418	1335724	959080	1123006	2884334	2884335	2884336	2884337	2835151	2835150	197365	1155885	2196310	2384820	1876934	1770603	2016426	1075350	280855	2780051	1543252	543909	642981	2445214	282637	1986809	2625802	1225184	1864420	628103	218580	366263	1693393	1792061	2751025	1833841	1317946	163183	
1075350	1543252	2343235	694074	1957683	2862725	2196310	166018	642981	1816408	1892406	2835160	2016426	2009801	1225184	1833841	959080	2835151	366263	1792061	2384820	1963924	163183	2859887	2901052	2862722	2872735	2901053	2901054	1864420	1785979	2138418	1155885	282637	1562789	1123006	1077665	543909	2862726	738180	
1892406	2835160	2196310	2016426	166018	1075350	1543252	642981	1225184	1816408	1833841	959080	2343235	2835151	366263	1792061	2384820	694074	1957683	1963924	2859887	2901052	2862722	2872735	163183	2901053	2901054	1785979	2138418	1155885	282637	1864420	1562789	1123006	543909	2862726	2862725	1077665	1335724	2835150	
1892406	2835160	2196310	2901052	2016426	166018	1075350	1543252	2862722	642981	1225184	2872735	1816408	1833841	163183	2901053	2901054	1785979	2138418	959080	1155885	282637	1864420	1562789	2343235	2835151	366263	1792061	2384820	694074	1957683	1123006	543909	2862726	2862725	1077665	1963924	1335724	2835150	738180	
1892406	2343235	1123006	2835151	2835160	2196310	2901052	2016426	166018	1075350	1543252	543909	2862722	2862726	2862725	642981	1225184	2872735	366263	1816408	1833841	163183	2901053	2901054	1785979	2138418	1335724	959080	2835150	1155885	738180	1876934	91895	280855	2780051	1174499	1510469	1969216	2862723	282637	
1892406	1123006	2835151	2835160	2196310	2901052	2016426	166018	1075350	1543252	543909	2862722	2862726	2862725	642981	1225184	2872735	366263	1816408	1833841	163183	2901053	2901054	1785979	2138418	1335724	959080	2835150	1155885	738180	1876934	91895	280855	2780051	1174499	1510469	1969216	2862723	282637	1945705	
642981	366263	2196310	2343235	1075350	628103	1892406	959080	2016426	1225184	738180	1543252	2009801	1816408	2688341	280855	1317946	1169547	2138418	1833841	2780051	2835151	1693393	342822	1770603	197365	1957683	1155885	2951621	1864420	1123006	163183	2835153	12499	2751025	1925613	1331599	2319206	1174499	1945705	
959080	2016426	1075350	642981	628103	366263	1225184	2343235	2196310	738180	2009801	1543252	1816408	2688341	1317946	1169547	2138418	280855	1833841	2835151	2780051	1693393	342822	1770603	197365	1957683	1155885	2951621	1864420	1123006	163183	2835153	1925613	2319206	1331599	2751025	1174499	1945705	2445214	2835155	
2343235	959080	2196310	2016426	1075350	642981	628103	366263	2009801	1543252	1225184	1816408	2688341	1317946	1169547	2138418	280855	2835151	2780051	1693393	1833841	342822	1770603	197365	1957683	1155885	2951621	1864420	1123006	163183	2835153	1925613	2319206	1331599	2751025	1174499	1945705	2445214	2835155	2384820	
2343235	959080	2196310	2016426	1075350	2009801	642981	1225184	628103	366263	1816408	2688341	1317946	1169547	2138418	280855	2835151	2780051	1693393	342822	1833841	197365	1770603	1957683	1155885	2951621	1864420	1123006	163183	2835153	1945705	1925613	2835155	2319206	2384820	1331599	2751025	91895	1174499	2835160	
2343235	959080	2196310	2016426	1075350	2009801	642981	1225184	366263	1816408	2688341	1317946	1169547	2138418	280855	2835151	2780051	1693393	342822	1833841	197365	1770603	1957683	1155885	2951621	1864420	1123006	163183	2835153	1945705	1925613	2835155	2319206	2384820	1331599	2751025	91895	1174499	2835160	2835152	
2138418	959080	2196310	2016426	280855	2009801	642981	1225184	366263	1816408	1892406	2343235	738180	1075350	1543252	1864420	628103	218580	1833841	704033	2835160	2862722	2862726	2862725	2862728	1703405	2913065	1785979	1123006	2835151	1155885	1876934	2780051	1969216	282637	1693393	1792061	197365	2835153	2319206	
2138418	959080	2196310	2016426	280855	2009801	642981	1225184	366263	1892406	2343235	738180	1075350	1543252	1864420	628103	218580	1833841	704033	2835160	2862722	2862726	2862725	2862728	1703405	2913065	1785979	1123006	2835151	1155885	1876934	2780051	1969216	282637	1693393	1792061	197365	2835153	2319206	2384820	
2138418	2343235	959080	2196310	738180	2016426	1075350	280855	2009801	1543252	642981	1225184	1864420	628103	218580	366263	1833841	704033	2913065	1785979	1123006	2835151	2835160	1155885	1876934	2780051	1969216	2862722	2862726	2862725	282637	1693393	1792061	197365	2835153	2319206	2384820	2319358	1770603	12499	
2138418	2343235	959080	2196310	2016426	1075350	280855	2009801	1543252	642981	1225184	1864420	628103	218580	366263	1833841	704033	2913065	1785979	1123006	2835151	2835160	1155885	1876934	2780051	1969216	2862722	2862726	2862725	282637	1693393	1792061	197365	2835153	2319206	2384820	2319358	1770603	12499	1317946	
2138418	2343235	959080	2196310	2016426	1075350	280855	2009801	1543252	642981	1225184	1864420	218580	366263	1833841	704033	2913065	1785979	1123006	2835151	2835160	1155885	1876934	2780051	1969216	2862722	2862726	2862725	282637	1693393	1792061	197365	2835153	2319206	2384820	2319358	1770603	12499	1317946	1491497	
959080	2859887	2196310	2204610	166018	2009801	642981	1225184	2872735	2835160	2901052	2862722	1562789	1892406	2138418	2016426	1543252	1864420	366263	1816408	2835150	2862725	1703405	1419139	2862726	1077665	660424	2901053	2343235	1123006	2835151	1075350	2780051	628103	1792061	1833841	2319206	2384820	1770603	2445214	
959080	2835160	2859887	2196310	2204610	2901052	166018	2009801	642981	1225184	2872735	1562789	1892406	2138418	2835150	2016426	1543252	2862725	1864420	366263	1816408	1419139	2862726	1077665	660424	1703405	2901053	1785979	2343235	1123006	2835151	1155885	1394516	1075350	2780051	921204	282637	1945705	628103	2872734	
959080	2835160	2859887	2196310	2901052	166018	2009801	642981	1225184	2872735	1562789	1892406	2138418	2835150	2016426	1543252	2862725	1864420	366263	1816408	1419139	2862726	1077665	660424	1703405	2901053	1785979	2343235	1123006	2835151	1155885	1394516	1075350	2780051	921204	282637	1945705	628103	2872734	218580	
959080	2835160	2859887	2196310	2901052	166018	2009801	642981	1077665	1225184	660424	2872735	1562789	1703405	2901053	1892406	1785979	2138418	2343235	1123006	2835151	2835150	1155885	2016426	1394516	1075350	2780051	1543252	921204	2862725	282637	1945705	1864420	628103	2872734	218580	366263	1816408	1792061	1833841	
959080	2835160	2859887	2196310	2901052	166018	642981	1077665	1225184	660424	2872735	1562789	1703405	2901053	1892406	1785979	2138418	2343235	1123006	2835151	2835150	1155885	2016426	1394516	1075350	2780051	1543252	921204	2862725	282637	1945705	1864420	628103	2872734	218580	366263	1816408	1792061	1833841	163183	
2343235	2196310	738180	1075350	1543252	642981	1864420	628103	1792061	2138418	366263	1833841	1892406	959080	2016426	2009801	1225184	1925613	1123006	2780051	1693393	1816408	1155885	2835151	2835160	280855	1174499	163183	1945705	2688341	1331599	2751025	342822	2319206	2384820	1317946	2835155	2835153	2835152	2835159	
2343235	2196310	738180	1075350	1543252	642981	1864420	628103	2138418	366263	1833841	1892406	959080	2016426	2009801	1225184	1925613	1123006	2780051	1693393	1816408	1155885	2835151	2835160	280855	1174499	163183	1945705	2688341	1331599	2751025	342822	2319206	2384820	1317946	2835155	2835153	2835152	2835159	2835150	
2343235	2196310	1075350	1543252	642981	1864420	628103	2138418	366263	1833841	1892406	959080	2016426	2009801	1225184	1925613	1123006	2780051	1693393	1816408	1155885	2835151	2835160	280855	1174499	163183	1945705	2688341	1331599	2751025	342822	2319206	2384820	1317946	2835155	2835153	2835152	2835159	2835150	543909	
2138418	2343235	959080	2196310	2016426	1075350	2009801	1543252	642981	1225184	1864420	628103	366263	1833841	1925613	1123006	2835151	1155885	2780051	1693393	1816408	2835160	280855	1174499	1945705	163183	2835155	2835153	2835152	2835159	2319206	2384820	2688341	1331599	2751025	342822	1317946	2835150	1335724	543909	
2138418	2343235	959080	2196310	2016426	1075350	2009801	1543252	642981	1225184	1864420	366263	1833841	1925613	1123006	2835151	1155885	2780051	1693393	1816408	2835160	280855	1174499	1945705	163183	2835155	2835153	2835152	2835159	2319206	2384820	2688341	1331599	2751025	342822	1317946	2835150	1335724	543909	2445214	
1892406	2138418	2343235	1123006	2835151	738180	2016426	1075350	280855	2009801	1543252	642981	1225184	1864420	628103	366263	1816408	1792061	1833841	959080	2835160	1155885	2319206	2196310	2384820	2780051	2445214	1945705	2751025	342822	1317946	163183	1335724	1925613	2835150	2835155	2835154	2835152	2835159	2835158	
1892406	2138418	2343235	1123006	2835151	738180	2016426	1075350	280855	2009801	1543252	642981	1225184	1864420	628103	366263	1792061	1833841	959080	2835160	1155885	2319206	2196310	2384820	2780051	2445214	1945705	2751025	342822	1317946	163183	1335724	1925613	2835150	2835155	2835154	2835152	2835159	2835158	2688341	
1892406	2138418	2343235	1123006	2835151	738180	2016426	1075350	280855	2009801	1543252	642981	1225184	1864420	628103	366263	1833841	959080	2835160	1155885	2319206	2196310	2384820	2780051	2445214	1945705	2751025	342822	1317946	163183	1335724	1925613	2835150	2835155	2835154	2835152	2835159	2835158	2688341	91895	
1892406	2138418	2343235	1123006	2835151	2016426	1075350	280855	2009801	1543252	642981	1225184	1864420	628103	366263	1833841	959080	2835160	1155885	2319206	2196310	2384820	2780051	2445214	1945705	2751025	342822	1317946	163183	1335724	1925613	2835150	2835155	2835154	2835152	2835159	2835158	2688341	91895	1174499	
2138418	2343235	1123006	2835151	2016426	1075350	280855	2009801	1543252	642981	1225184	1864420	628103	366263	1833841	959080	2835160	1155885	2319206	2196310	2384820	2780051	2445214	1945705	2751025	342822	1317946	163183	1335724	1925613	2835150	2835155	2835154	2835152	2835159	2835158	2688341	91895	1174499	543909	
