1630138
800174
1497205
1063223
1064567
390444
1226520
838919
261262
351432
1183780
731485
1125862
1474030
1608898
1261224
1766244
1582438
98878

Result : 

1630138 : 84 58526 645926 1940632
800174 : 263 2848 711586 1433085
1497205 : 25 197021 693823 1817821
1063223 : 5 960 101886 1246083
1064567 : 15 62781 102405 2095357
390444 : 9 3691 71970 1236356
1226520 : 7 15514 76643 1825691
838919 : 328 31228 1062018 1715336
261262 : 163 31465 621533 1958549
351432 : 12 3601 283622 1480263
1183780 : 27 955 389335 1219999
731485 : 23 2637 147933 1706613
1125862 : 109 8965 408675 1757368
1474030 : 10 2698 295507 1386982
1608898 : 429 194526 775498 1761064
1261224 : 47 25019 483186 1989987
1766244 : 68 13509 327406 2075042
1582438 : 4 31817 70415 2165227
98878 : 91 194507 834591 1758851

EntityCnt1 : 1719 / 19
EntityCnt2 : 882268 / 19
EntityCnt3 : 8103958 / 19
EntityCnt4 : 32570306 / 19