1701777
689435	619244	618143	2658853	1676546	1737753	1771355	2691314	1165191	226655	911519	895355	814312	1581962	513235	844138	846173	2662766	1400642	
2372121
1027883	873152	116904	745689	800755	3109806	1433655	500073	3419478	2765571	3243762	2486843	2284546	164170	1905721	735859	1370382	489013	202909	653521	1077595	2171546	2130339	1691165	1087550	1637182	396290	2372619	
2045460
406201	1891764	1415568	2045460	2588552	2171900	2469979	1908759	972548	2769792	1499687	1592102	79993	2047698	697805	104096	1437401	1071805	942444	1695497	2765120	1070033	2191993	1831140	1462478	2421669	21406	1057213	1759827	2681650	1654514	1867107	1150252	1603863	2603697	149213	571746	303382	268200	668302	118362	2201551	2218617	691752	
2375405
1107398	303042	1084103	156279	64004	2735098	534832	2665560	2485405	1258236	2562802	1734773	429549	2715830	2228140	349469	1152615	265510	2487057	560692	373065	805533	899018	2762313	1928843	1551538	2281164	1517398	1027179	2375788	447778	755777	1744117	1839297	348287	2016937	1385905	2422776	2143922	366545	2750149	881157	2441993	1686555	435256	1197061	799911	1814053	1421388	2475522	738475	1242049	207403	1169035	2439766	1487179	1193427	792515	1456834	1178886	1420481	2177252	1656599	1676776	825339	1587939	469497	310697	159911	1171110	1013000	761191	705856	2246855	1192315	2215232	2423792	567210	722833	1061867	2808906	2277734	747675	1823435	1626044	2237397	1647757	497917	2661442	
2444116
1430989	1171337	377162	1213111	1917210	2749479	2795270	2319186	1207942	583199	
630840
2593030	1748585	725709	1518211	1321059	1554204	2053939	769072	395119	420883	436925	2185790	2086625	1656302	1315606	945093	1087024	68730	696835	270084	2346764	2046168	1734919	774649	732289	2441135	1620426	1714113	2995663	2817953	2697982	1096909	1460484	659789	2303172	1916005	268953	2470917	2062045	2003931	557198	2310153	136202	1381178	318084	1877483	1983150	1901987	1577391	733174	
640659
849362	836860	2878714	2826074	2897594	2945880	765721	2268707	1496065	2730675	633119	2835483	2833551	2844098	2934427	2606215	2916516	150370	2505501	3029349	736490	2889451	1892745	2603514	1312886	1107535	1039420	972500	148843	168496	1055070	1024117	2529483	1720108	2832331	2821907	1019926	
843197
2716617	2161309	187536	608018	748329	1075322	1211618	1034251	2385305	1940211	2014072	475280	1244947	
1518055
299600	664382	631939	1489619	1523582	1483129	636311	701667	901941	634137	533450	669872	665496	605877	2489067	639551	1480896	638484	633038	703752	637404	669837	604781	1488550	1484238	1485317	606958	635242	536772	
669872
359268	59070	70754	1492384	1099477	1098367	1096148	1665848	1765023	712459	1110797	623420	419746	1763750	1730736	2716777	2417495	878052	2620152	2472361	931393	2082456	714495	1988032	2430628	2476476	645275	72113	1044009	2610018	2533256	1455612	2536962	2120398	2625994	1940018	2199765	1340234	563091	602250	60569	419547	1352642	195789	275081	2486044	2081023	2044095	537658	1219180	800452	665227	431041	371571	1122350	389589	1107859	2658427	283899	1797560	
606958
659795	20904	1676931	558932	152140	1502528	665054	2835487	1469743	891596	2705367	2199357	2304246	1364966	2254514	1942490	969965	1807676	2833214	
669872
1907755	2741201	9075	2701735	1752751	1904557	2312941	1062923	1334585	771067	2589493	1307609	2444247	2594241	1984517	1880552	2078121	2535999	2457956	678549	543099	730156	1096409	1975624	
934559
1388457	2573386	814847	1298284	1638689	1181203	2479760	2095136	2175728	2192324	173938	1006787	2089948	1754380	37767	2839667	1344004	382278	38452	2899413	855820	2703594	1645171	1321157	934559	439113	2716099	
737505
2295670	2367968	303712	168364	612510	2170933	2562526	1319590	1949161	952530	761122	543670	1097430	2351422	2140930	620636	1385715	2213610	152202	385708	234253	834681	2529063	2171701	1519785	1858387	2231564	2691327	2667182	1029173	340252	462373	763982	1528062	
536772
1635133	2787759	1386452	1429519	1300826	2416525	1859270	1162525	2236834	64397	1450208	
1281148
2384881	223599	2403513	1000994	1250401	1674090	471302	1217616	499960	973885	265261	32685	2121467	673085	
1003385
569382	2091177	1670671	2186149	1418300	2042519	198522	2040352	3088177	1309445	272562	969872	
1125862
2732463	2071298	2888488	2177656	1521487	2541532	2413712	1565352	909108	621498	2750006	3467181	1901094	61211	2010299	2063373	294712	1393334	1513297	1125862	
669872
2635773	2567280	915936	2747110	1267321	776963	1000427	1954091	2444247	67363	167193	3099666	1378818	
703752
664382	1093445	1497016	731203	2636359	857466	703752	2472363	2047699	205887	1587342	
1377716
1830951	1340980	2642404	2890315	1214453	2332105	1308951	261606	1211573	1813235	2740577	151961	1730145	1767609	2571398	2407124	876974	1951297	1356931	967224	2302178	2093648	1904952	
413987
1378015	732785	664382	1153636	570692	540012	533450	1547538	755593	665496	212635	639551	1263292	839972	407105	604781	727353	1485317	1623468	667672	536772	630840	1094570	2372121	
901941
631939	1523582	701667	2897292	2964088	959618	634137	665496	3094101	639551	633038	703752	669837	604781	1485317	606958	
407105
223755	3240061	1029020	1078885	48047	2732448	671049	1619218	1148203	787205	2768102	304400	2472827	
1973933
745664	1326821	1798546	2621915	2440541	942732	2497767	1693599	1479623	1528395	946441	889264	
1344463
1277626	2507712	43105	458304	2727826	3146071	340099	597810	948829	2854306	141301	1670164	606586	461986	338641	297151	3034994	1015045	1783907	940743	2193995	2948745	573049	589299	
630840
834645	2408216	2160545	772255	2541578	465307	403481	511952	1187793	1477593	1490242	555534	1453422	600382	38220	105368	305378	1028015	3000616	44819	1527466	2672785	2403879	2406070	1874635	2373395	1130120	2407160	2639031	3397416	2872782	952988	2434371	1460574	581091	44686	1350387	2573396	1582217	169600	1437340	1198443	2580015	2440020	1776841	2537173	2678220	
1704225
2393121	2728758	1299959	2629431	557417	248351	186074	882173	798566	551961	117911	2582476	3455414	1294999	1654594	2745704	2639658	150829	288697	2497558	2694728	1675756	1820333	2690867	2028105	2170368	
25158
2481658	1691144	1302080	1574304	880391	782513	1848092	2437960	1809976	2169537	461100	
95210
389418	2480712	2203768	2262775	233762	1703601	430864	1240720	756612	2298291	685551	2356059	2244238	437697	1284417	59324	1415406	1431051	1325475	2576609	582090	2313018	2388459	2384976	1717048	1690035	627261	2511078	888104	572566	605603	1173834	668968	2355537	5894	2724647	876810	222161	2350807	112383	95210	1279082	2491465	1445560	1221673	2680200	150081	870621	603602	2266332	2547908	658571	2760289	1674484	2371828	40010	1327147	1050011	1032946	2212900	940263	2302577	1596935	2253462	2321206	1246764	390182	1849897	1048936	361941	2470358	2724425	1608017	1096433	1761713	43054	2301164	2167206	1666895	1097433	2403647	1578741	192161	1574860	2594549	2120482	2760211	190412	2428574	1866444	2645700	929418	1202667	1230111	2316263	2474808	1761500	2515808	746036	1121440	676471	377777	663131	656835	750549	959237	944212	950721	2603365	1633357	2336862	1354457	841859	626261	738244	1686445	950714	1339710	2401562	2538092	694598	1624546	1716125	2515291	2776685	1169861	324010	2015350	462721	1777986	2483042	1389188	1126022	1119763	1797096	1749157	1289157	1229317	431410	2679347	2643577	2181626	245150	1098669	1427135	2195151	2181838	962594	2542587	733965	2542940	2407224	2506059	1724258	1615797	1762878	814215	1728152	1046407	2075819	774070	1696995	1752331	1786225	1498719	1296886	197778	310466	672853	1329370	1829793	2436638	392793	707985	2319092	196596	1806469	1092118	2360798	1148335	1089307	2657969	2083967	2316603	1821723	2081080	1994962	564010	566213	768844	712721	500544	2211180	1251717	1679119	149340	2650139	720095	2436049	633049	635252	268359	664393	638495	662251	663297	666581	665504	669848	670914	299220	696164	1021764	938032	940335	373199	108220	2169382	532565	132230	157263	158363	159467	156220	161694	160580	166200	162828	163959	193861	165091	190552	191667	192744	198269	196073	194983	197185	200439	199349	224875	230303	233601	262193	259991	263337	264377	293160	2499651	295306	296404	300768	1437623	2046432	276512	2617275	823914	396847	1827956	76517	1800849	1190531	2419427	1767026	1034419	530860	1698618	1659666	1661283	34594	1843480	94713	1413659	2475897	1134137	1518112	2398877	1148819	1806066	2032157	999948	1783999	1294496	1372717	2282447	1013776	1041165	1672013	1487917	1427824	39941	2019692	2072950	333804	1425983	3162375	495817	496894	1126455	887836	496407	337638	1033985	2443593	141798	756048	1396855	1538827	2680469	233812	2245525	2740722	277555	2743409	13781	926499	2451792	1895117	1211760	2126611	427726	2370819	1046637	2057504	1105606	1929064	2322834	1052239	1945574	2047509	1923697	218179	1730037	2667807	850348	958405	1559961	516351	1396268	1468090	2061183	111377	1448418	1510639	2619894	1756312	1591489	1595846	1620838	2407307	1186151	668104	324922	647117	1553903	890202	2329224	730237	593085	1173812	252882	2134360	1533207	2372768	2404658	2538585	1048806	2793222	401220	1764624	1821824	2736261	15131	225066	1810795	2813544	1879288	1800325	532841	60089	1792993	1787418	1940715	3322	491710	546528	1178779	2122934	1854179	1730444	1544146	699322	1058844	2347927	1065280	2344815	1163181	1193887	1825132	1104505	1554605	42723	1162776	121950	1216684	1133663	1273244	2593657	616908	810394	974604	655401	1699176	958190	2395727	1849666	757166	961519	1984058	513212	1940878	799320	976413	1534471	576619	1901784	146605	2121033	1602413	679379	2212965	2658366	1424531	87549	1733474	1194938	890509	559887	2062997	261928	2362038	1098220	1257194	2222625	1394802	532881	1984834	2054815	1445642	626923	2641690	2216574	1216164	1943595	2284182	2169245	1569271	1834890	1895245	2328444	739596	2698236	407738	1332290	2653688	255074	1274899	907090	2432904	2235207	870909	2228067	2234588	735039	756042	2767179	1414074	1429607	2103976	2441035	1792255	2696884	2071532	524440	880326	452284	2457701	319815	
1309884
1746087	37193	859699	1648474	722804	1309884	2181569	2204611	757655	636875	2809947	
667393
1615455	1399688	877061	1014101	75308	2059411	140590	1782879	129237	2270138	1812670	841682	1956674	852275	2777448	2411403	769807	1173190	2332069	368471	2612034	970871	2011975	2783869	2090972	1954663	264724	319683	
630840
1321059	1094561	1107287	2256952	1503576	680382	3440385	2098702	2733258	596826	678186	2088287	2089513	833184	1580463	1858757	
1350563
2201185	2524663	990495	1350563	2005989	3182583	2632164	1117875	975492	2559109	1325973	1361995	3097832	2188794	723409	2404865	2761115	
630840
1807422	840526	1418317	1681988	365128	2182083	2800145	452578	649796	722831	631249	1624801	1321052	80974	1944597	1969958	1945737	1514526	
2727917
883852	2618477	613695	210838	2517533	1353783	695948	1000766	1148848	340933	2746392	633201	1529668	1560129	1591592	3439618	168974	2341368	615209	2228274	2504198	
630840
1893736	2460217	1075227	1969335	1458312	2860273	3474115	557198	1621734	149173	2310695	3344343	1651993	2040164	1182729	2727917	558662	635268	2156654	
2403747
1961627	2654224	2655345	2679098	2791149	706812	1477983	778000	1129373	1754219	2278562	1812266	642426	50287	809895	2446318	1927911	208572	1265457	1234812	2403747	610854	52047	107797	1583774	2136127	1392980	1599528	828357	474634	1167585	55306	2251798	
630840
2171696	1023014	2536000	2758243	2871604	3108650	2995021	2906700	1519286	305284	2285106	1533368	305478	701074	1498299	2662038	825469	36689	1821315	538825	
630840
781888	2171696	1023014	2871604	2906700	305284	554829	2285106	1533368	233784	1000637	701074	1498299	2662038	36689	
727353
1290653	1519152	2191152	1827043	1832016	1554064	1514712	2078816	1916144	806837	2701810	1275350	2120615	1272804	2852756	2613867	1681033	2046683	2823340	
1886672
3049380	3302347	2056667	518192	2134523	1600411	990296	2516305	2593053	1918174	1297163	1886672	1079017	1244375	1795466	2430831	1677036	1991810	399234	2121948	1936257	
1523582
3050126	1558857	698496	1523582	621487	2343777	1260610	1259859	572132	903796	682649	3300191	
2380893
2380893	1713175	2939394	1515756	781161	2726286	3025972	59608	2203226	198745	2450970	1423459	400092	
732101
2887599	273911	1044041	338256	640222	2025620	2844472	2442069	366752	1980457	98165	398941	2996722	1289097	
630840
1065686	2519725	1412462	2113539	2310265	2348488	822670	371806	310511	1354359	3193920	412830	183717	476448	443504	1611546	506087	480806	343552	716335	161230	
733740
3267304	274429	625634	2259802	591104	1749403	2081270	2509391	2565868	3314075	1214911	2170217	1974762	496745	2183905	1333214	2594175	2941144	2038584	1332865	1090234	420886	459588	1278773	2091026	169691	2047717	
