4166151
4177315	1642492	3658740	1598291	2663854	3557462	1938966	3873279	1830802	2051957	2243031	1924815	4164175	1602732	1438706	4067220	902261	4133424	3849320	2093437	1328011	3460832	2547656	3828716	2544296	3679081	2232218	3543320	853398	1651505	2112605	1276744	729292	1228362	866255	3576453	53999	1031429	3310294	1498495	
666467
77152	607452	2090235	387090	916449	4224205	2945656	1380605	176386	912372	2414458	3058103	4205928	1478455	3673636	75479	2920041	3426896	284050	2080058	4049444	1452552	1007686	2627162	2647498	3678159	1221299	1896693	4057352	2566681	2561033	
3653137
3292757	1354102	1978118	2059589	4175353	1255790	2907692	176599	212929	2358399	1329832	1666300	983618	4003893	1971726	3717885	2788889	2251931	322024	3045481	
2184608
2340012	1747617	3510864	2955586	1747342	783956	3531245	2230766	1598519	2023251	2049883	67228	361108	3178455	2540146	1260754	
778435
2901577	37892	1952832	2128270	334834	1093776	1102643	4257787	924650	2959027	1779259	4259933	1301450	2768480	1794674	2247871	
1917898
134441	2837120	302208	2482452	889183	1530310	1072767	2454505	3998942	607716	2075370	3762949	1732804	4121384	3617341	2092110	2306621	743256	2613165	12794	803361	3579124	2586032	1924409	
1187797
1704387	393821	2830784	3738530	1610097	2362766	2026752	3021222	1172010	1410700	2772093	1411820	3409068	873766	289985	2364842	1749266	2736325	
2392105
78312	4252433	3707803	1319000	3266998	106204	2589821	2626625	2780874	2900164	825873	4073276	2591520	289588	155692	3098413	3526006	876619	56723	3616044	719174	1310509	521463	671536	1291857	2381840	1156337	4074707	2918090	4182268	707901	152821	1440557	3657276	500569	2026756	1344129	3823335	633182	244199	366685	1642783	2751173	14515	1777346	3341243	
1845987
3743492	486650	770251	1208412	3057868	2956557	52838	1091919	3595334	4242237	1958749	2545179	1982146	3661565	557203	1480006	1747349	707220	2244926	1837471	327108	2464654	1736786	2646046	1842811	2203798	368527	4289902	1400852	149897	4239550	3199826	394962	4024494	297455	1282900	740447	624114	2420216	426848	3451982	3395672	3813249	1772221	1746840	4251938	1077739	3185300	2961517	1461513	1314088	1461799	270735	
3048055
3514895	1334005	2252808	1520018	463321	3899746	3729420	3430177	1469256	3960235	2167650	1441344	3136373	1911262	4095859	2751057	967357	3589829	
627504
4103860	1977088	2213948	3035384	3571306	2761610	899483	4135322	3063507	905222	3336981	3616692	1474593	909395	2509935	697863	3950113	1781094	3687104	1794665	1515888	1257969	2627258	1011752	3161484	4202016	759769	3210852	3462954	3200968	772903	2392847	2125240	2144015	799040	2677893	1598825	2692393	1849596	2178630	2725366	2988924	2450264	2746268	
1260783
2987880	1353191	1350179	821896	3798786	347217	340394	886439	3080037	1184077	685970	2033607	692309	3108108	2822981	4194198	963827	3949049	1300582	3975331	506318	
3939841
693194	2568368	4193454	2602715	2291078	2302346	3392018	218756	4236959	213434	3393530	3704277	3698334	1281286	4025516	2108936	504076	3231922	2692041	287771	845246	2999489	585991	3845095	3854579	620908	3611438	1455938	
4089869
864924	1195003	4132610	4173037	2309304	2836633	2608959	2069637	3963547	2085890	2090812	471173	1055084	3505056	538790	
1607032
2742819	859860	2190643	3013353	1368211	2459936	3528135	2781926	2753760	401707	2511661	2501432	2838911	2313894	2837799	1770139	3364299	1761131	462459	3393472	1257292	2916356	3985183	3964846	3707750	2410781	2443726	2156430	4051208	2703381	1620857	
4193517
222661	2362988	1860105	1820094	1867778	3499640	1416807	365446	2566774	911847	1494157	416270	2029134	2111589	3701983	1061909	503168	3231275	3818382	2751601	1664374	3827778	619856	642094	2241260	2277300	1258593	2284871	137980	3390616	2377192	170892	223065	
2100204
241409	786678	790552	300415	289818	2966157	3026378	850396	4060890	1963322	4157659	3032291	4099133	4153412	3630306	2525097	4154418	4154117	4128876	932468	3593498	1506491	2039090	3671615	2020897	2050691	3650803	4241369	1535541	4261023	1570218	466037	1573715	1604591	1017638	1599834	4237062	504907	2656491	3732687	1057005	30437	2727472	1134982	573417	2743756	3816345	2742102	3311192	2723776	2219426	3879620	158638	3865365	3384157	3919448	2289298	692672	3937333	3934939	709147	2356778	1857626	
3055510
2322913	3407461	1844102	224421	775407	779938	1902350	1916219	3585225	3116109	4259169	608179	2293436	
2323284
2783810	2816779	1733498	3879369	2810031	3882372	1681799	2258581	2258629	3336479	637693	3859601	155807	1211241	144624	3327748	162646	3917788	3362302	3386467	185866	3924300	3360380	3954675	3929083	223272	1255034	2903493	1819444	741830	227553	2913387	4060575	2401207	787999	1399647	2461379	2998763	4065064	303935	1944465	326625	4113706	1937465	324427	329591	389782	932993	1460749	3061368	3062824	3109267	3656281	948589	2564496	2564545	905385	3627975	446752	2575819	3127848	3646990	2112990	1014833	473838	2107472	2635372	2062867	4254502	480916	3700359	1063794	3778789	538711	564974	2162587	2703908	2157251	2695007	3270889	3801304	42429	1111547	2686037	2163979	2772022	
2205302
4170505	3059397	1064738	542368	3791184	3289465	2832931	1303032	3606815	2548853	
1202081
1244184	997829	2363413	2496441	767066	2998024	2456051	3490014	1538828	3861701	3754549	4238091	980039	4215634	2686999	3972809	135525	1539483	574892	392766	734076	3674353	1610991	687957	3786453	3650195	3141250	2886367	2998687	3057661	1992429	948700	1215052	2464562	917534	2126965	643798	4078980	2867950	3645235	2026933	482845	3183620	3191171	3925034	1663589	2580797	3558492	784831	3809262	1225490	2730928	1454492	625198	3934409	2234720	2676358	255895	3761435	3732986	4182008	82400	2653940	1215541	505681	2872233	1551910	2738571	1819624	3609805	3926659	3767044	3687862	1948135	2693826	
1447126
2170515	2197395	1690216	4257231	1052171	7384	964844	3194765	2229308	2285833	3441638	2451108	2644634	132157	2426346	3039914	4067801	2749704	1005045	4160952	3978903	3565571	4052210	3842681	1468561	4149354	2212444	2470838	4222480	3662127	2108074	471964	2741814	2508607	3337035	313518	4073713	1072579	1283942	2868276	2444161	3740935	1436896	1813532	1920870	2294321	3348475	501205	3785829	1434486	643624	2251359	1115959	815185	1404479	304273	620578	2812937	1773909	494958	2491447	1485475	714651	1625970	2357048	2752597	
2314600
871443	1343042	723026	856145	1768589	405373	4284785	482690	749297	2860111	4007450	1172701	691473	3566853	
1096452
4231768	4093653	4067928	4101411	2392168	84594	3910254	3346163	2476347	1520100	2193390	2386551	1462348	
1202081
1244184	997829	2363413	2496441	767066	2998024	2456051	3490014	1538828	3861701	3754549	4238091	980039	4215634	2686999	3972809	135525	1539483	574892	392766	734076	3674353	1610991	687957	3786453	3650195	3141250	2886367	2998687	3057661	1992429	948700	1215052	2464562	917534	2126965	643798	4078980	2867950	3645235	2026933	482845	3183620	3191171	3925034	1663589	2580797	3558492	784831	3809262	1225490	2730928	1454492	625198	3934409	2234720	2676358	255895	3761435	3732986	4182008	82400	2653940	1215541	505681	2872233	1551910	2738571	1819624	3609805	3926659	3767044	3687862	1948135	2693826	
1991177
2767321	4240390	3260844	3507069	4120007	4252976	2265572	1907726	466349	1819324	2445327	1931298	828561	621443	4285785	4219950	3655783	3724946	200954	
278562
1524484	127047	4086962	2909412	1861661	3458980	835342	2377472	2619200	1667927	
2363854
1288454	1692256	4005910	1169849	267730	204166	1010002	216385	1125124	1961816	1378058	2426005	2558366	634202	697380	606766	2526324	1760865	1165123	555492	577759	578803	288994	3430981	2439852	3656388	4189696	4056960	3037244	1830078	2367736	3804473	4228169	1384548	1263888	2362852	596489	944574	1154218	2749436	1697434	4067821	589101	261693	3091482	144185	2010631	3985838	275181	3583047	1380563	3032193	3565461	1605466	4273372	1978081	1100596	3292711	3297601	39188	1389500	1119703	2229642	3623555	418224	1810976	2536919	800427	2383595	
660431
2507352	1226473	453447	1502009	1395401	2263805	1103104	1970680	2270318	2136900	1982775	2704891	2731528	198123	3200413	4138113	64406	89175	3341865	3174433	809873	3462986	3038461	42397	576853	2770870	963750	173378	1840467	4141104	1074010	124207	3724311	62738	1415788	948451	2960708	1085546	2894264	816449	2518665	2618116	1861369	1002620	1020691	2506526	2236855	827294	634094	528607	1072519	1326266	564811	1771707	1521140	3997062	235707	3466773	1861626	2746974	4182010	1651993	4225137	1315257	362378	400479	2276163	68888	1634932	3248312	2164274	2760214	3400396	670346	363864	639769	2750753	1357055	2177722	3045370	3454061	2353605	4083802	2728001	674745	2400725	3057516	677124	1740829	
1871993
1752517	1229219	3424678	3081181	2668881	2282340	4168497	925106	1563847	3519933	152053	374248	4093091	269292	2783515	999791	2924363	4031856	2832637	283179	3457049	2708126	381180	3070092	837119	1504364	1517083	1501910	3631602	4108715	3040108	3339959	2450839	789826	1471759	876781	3407335	3971383	1028487	2544168	108307	3917264	1163715	3976539	3357214	
4180803
2026267	600593	4133733	3662817	2932264	1515113	71387	2231694	2063779	1089621	3283650	4170737	2692640	
1517910
4233988	2163680	1601064	3325694	3832765	310959	45671	753635	3409252	4142891	2056881	2509105	2933552	1828234	723359	2680294	445683	2893266	1292466	828054	2139195	4118378	3444370	83186	429592	540319	789494	3081922	3317115	1299048	1542664	3933545	1186330	2134872	427285	135619	2312080	530153	627753	161620	1453132	3829048	254261	2839789	1427568	305117	1277707	3065301	670663	3138316	2995210	3514656	2906501	3155495	3439445	3824168	826002	3981105	139202	367994	2687004	2231920	3421836	2266669	1399286	284175	3816615	3314675	
841698
4216472	2284594	1488119	1146843	3193586	672553	3004121	2580108	1169958	1276700	135588	3592021	2590222	4123377	1259559	
1440109
4067495	306021	3355676	2269232	3818356	606852	859865	3392706	2213005	566727	3337998	3931009	2653808	329387	3671383	415980	2782494	4210590	3071698	3116275	3168593	2518723	1219666	765402	3572629	820034	179248	902389	4138431	3492433	201099	1934680	195589	2803569	607629	336389	1231174	2417892	88848	343050	535742	4167444	3736288	584322	1192125	616091	26607	72383	2498987	
83575
497807	2961077	1915974	1106308	2542804	2804009	3424184	318075	720415	3462517	1230562	3993217	2704575	1788261	2727110	1852982	3530096	1568075	3820143	1413088	1314634	
3384554
661061	328513	795867	2709345	3567200	3049870	1076961	1348906	26799	2915105	3332155	1951942	410093	69225	2467247	2772406	2349449	3495313	3252691	1373250	4293181	2615187	2011818	4023123	2905442	2374819	1047542	212363	3043922	958954	759132	1846850	3867069	838609	126066	3850004	2590933	1946787	3124422	3761065	2974937	2151037	1287438	1893246	1993584	2632487	3474096	4073734	2475307	647404	2246494	360670	328742	4072263	1330965	847522	46671	3667137	2249440	97216	1057463	3423255	1677670	1843115	1684656	3216129	2896867	1957569	3955116	2386925	563081	3548662	2687176	726131	543962	2671278	3013719	3208711	573219	2790211	1915528	2428318	4209285	2227059	148802	920039	350701	4277411	
3112011
1269795	3246391	1547134	3838949	1557458	2938648	2649625	354106	3925211	1047125	998145	3615075	2469651	647988	3099939	1529654	
3469972
1250020	511410	1372905	2997376	1780385	2656326	3736606	3831454	2975835	1370907	3348402	1940576	1960064	3594757	372066	2086991	
2621852
645727	1672957	217739	781144	451	247582	2833600	3870202	1786805	931915	2800834	2568027	2656306	2465213	3459656	2907743	958744	833949	1563833	2906780	2723611	1296367	2106449	415406	1823493	1203638	3296299	2647722	3906827	2426582	3573031	2066568	1195341	2961290	
4127981
160252	1817654	566961	2728653	232686	2396633	1698076	1744384	3709296	674799	301610	1579583	1498906	825707	1892696	731161	3719107	1283876	281609	1910526	3226606	4231589	4078778	3953099	729022	104402	811719	3016312	383668	1007110	1870780	3422000	3141684	3754334	3920723	2916935	2952460	1031295	3475030	2365210	38397	3193953	713911	3982166	3446683	1649354	174137	
642012
3462992	4041782	1079603	10053	1087509	3739179	1575187	3490574	2411174	1206138	3318930	1834879	
1730959
768983	1630266	1819346	149766	969772	3379085	2979775	3385080	3265626	712374	4236627	3588250	2300818	923626	2800947	2255347	471249	3894057	
2017704
807333	4136650	2790194	2101977	1516969	965205	1317084	2576829	483842	4254018	1174376	1361239	2098939	152147	90937	1752758	3475579	2847133	596668	3087727	1476956	3339324	3094908	2871719	2320264	4214145	482524	2251583	3533424	582905	56003	1391701	
2576773
3337040	4054740	305459	3029554	1971101	826646	1952415	3079373	1405055	1752996	2779892	1723779	3432098	2059887	1410775	1054502	259119	1925522	1010524	3660434	2109299	2701154	3279885	1422099	3791478	2890149	3135128	653116	753260	1675426	2247902	1684771	3156399	100596	7318	3147950	1132470	1461927	2998490	3102046	2173205	3776188	995692	2316470	2356092	4038632	4277285	435005	
379749
4054740	535016	636180	883570	3892285	677707	657830	3177449	4051901	851816	1843221	3147950	957561	2439905	906255	3605985	1854697	3585707	1413278	450833	1864022	1079603	1141251	3456001	1678697	2914731	3853024	4277285	3766656	2322223	3473798	1752996	3640978	4029770	665883	
3793448
782285	4119051	3204834	3582466	1496204	1969838	452650	2468306	812477	2235846	2423472	1971354	2063282	566592	3301072	1999999	3723888	789607	2201210	110813	
2760745
1710580	1852438	2475055	3398286	2406243	3597099	4060183	1502005	295197	1185250	2207173	
2376406
1844452	1516092	1256215	2605624	3286260	2805303	2211669	1758716	1875677	3354002	2362388	1148597	52123	1531385	1212199	2024909	389363	3495179	2827207	657824	2020411	1860143	1652553	
3582446
2208276	1389068	4199833	2392909	2165763	2886402	177579	1513113	4271361	3075571	3519782	3390460	2944901	631678	1560393	3143509	583307	3618993	
67123
2483756	1030348	4184508	3923940	3894057	2899587	3282967	2197181	4249311	2943680	3577920	2142767	
