4295829\1	0	0	35
4295829\2	0	0	26
4295829\3	0	0	15
4295829\4	0	0	11
4295829\5	0	0	11
4295832\1	0	0	19
4295832\2	0	0	13
4295832\3	0	0	41
4295832\4	0	0	48
4295832\5	0	0	13
4295834\1	0	0	39
4295834\2	0	0	16
4295834\3	0	0	23
4295834\4	0	0	10
4295834\5	0	0	26
4295839\1	0	0	28
4295839\2	0	0	58
4295839\3	0	0	8
4295839\4	0	0	81
4295839\5	0	0	5
4295846\1	0	0	70
4295846\2	0	0	61
4295846\3	0	0	9
4295846\4	0	0	8
4295846\5	0	0	70
4295847\1	0	0	14
4295847\2	0	0	5
4295847\3	0	0	64
4295847\4	0	0	84
4295847\5	0	0	40
4295852\1	0	0	8
4295852\2	0	0	63
4295852\3	0	0	10
4295852\4	0	0	44
4295852\5	0	0	16
4295853\1	0	0	83
4295853\2	0	0	11
4295853\3	0	0	11
4295853\4	0	0	29
4295853\5	0	0	42
4295854\1	0	0	7
4295854\2	0	0	13
4295854\3	0	0	27
4295854\4	0	0	43
4295854\5	0	0	30
4295861\1	0	0	15
4295861\2	0	0	6
4295861\3	0	0	18
4295861\4	0	0	13
4295861\5	0	0	7

Process finished with exit code 0
