4295829\1	10	20	35
4295829\2	10	20	26
4295829\3	10	15	15
4295829\4	10	11	11
4295829\5	10	11	11
4295832\1	10	19	19
4295832\2	10	13	13
4295832\3	10	20	41
4295832\4	10	20	48
4295832\5	10	13	13
4295834\1	10	20	39
4295834\2	10	16	16
4295834\3	10	20	23
4295834\4	10	10	10
4295834\5	10	20	26
4295839\1	10	20	28
4295839\2	10	20	58
4295839\3	8	8	8
4295839\4	10	20	81
4295839\5	5	5	5
4295846\1	10	20	70
4295846\2	10	20	61
4295846\3	9	9	9
4295846\4	8	8	8
4295846\5	10	20	70
4295847\1	10	14	14
4295847\2	5	5	5
4295847\3	10	20	64
4295847\4	10	20	84
4295847\5	10	20	40
4295852\1	8	8	8
4295852\2	10	20	63
4295852\3	10	10	10
4295852\4	10	20	44
4295852\5	10	16	16
4295853\1	10	20	83
4295853\2	10	11	11
4295853\3	10	11	11
4295853\4	10	20	29
4295853\5	10	20	42
4295854\1	7	7	7
4295854\2	10	13	13
4295854\3	10	20	27
4295854\4	10	20	43
4295854\5	10	20	30
4295861\1	10	15	15
4295861\2	6	6	6
4295861\3	10	18	18
4295861\4	10	13	13
4295861\5	7	7	7