129142	305708	1615428	3179967	4251258	2892978	2848381	3355031	1892151	3453722	827489	2782633	3556766	2187535	2642329	2257968	3153475	137290	713987	1573363	3679962	1956462	1765010	582845	1010052	1668339	3035038	2436445	4058795	2636120	2978313	1630470	1616774	711004	1313710	1273318	1573446	2605249	2986612	2757427	
4229760	4251258	4255175	4276877	129142	137290	141638	305708	537940	594662	713987	727342	908189	1253552	1292208	1357557	1474081	1537072	1573363	1782898	1972989	1975280	2257968	2412144	2532654	2546197	2907978	2952857	3153475	3179967	3612619	3679962	4050992	3088474	3868384	4214145	1061061	1769193	1875219	2213516	
4229760	4251258	4255175	4276877	137290	141638	305708	537940	594662	713987	727342	908189	1253552	1292208	1357557	1474081	1537072	1573363	1782898	1972989	1975280	2257968	2412144	2532654	2546197	2907978	2952857	3153475	3179967	3612619	3679962	4050992	3088474	3868384	4214145	1061061	1769193	1875219	2213516	2236043	
4229760	4251258	4255175	4276877	137290	141638	305708	537940	594662	713987	908189	1253552	1292208	1357557	1474081	1537072	1573363	1782898	1972989	1975280	2257968	2412144	2532654	2546197	2907978	2952857	3153475	3179967	3612619	3679962	4050992	3088474	3868384	4214145	1061061	1769193	1875219	2213516	2236043	3049672	
4229760	4251258	4255175	4276877	137290	141638	305708	537940	594662	908189	1253552	1292208	1357557	1474081	1537072	1573363	1782898	1972989	1975280	2257968	2412144	2532654	2546197	2907978	2952857	3153475	3179967	3612619	3679962	4050992	3088474	3868384	4214145	1061061	1769193	1875219	2213516	2236043	3049672	3437562	
129142	305708	3179967	4251258	2848381	2892978	3355031	1892151	1615428	2257968	3153475	137290	713987	1573363	3679962	1956462	2978313	4058795	1630470	1616774	1765010	1668339	3035038	2636120	582845	1010052	2436445	1313710	3453722	711004	1273318	1573446	2605249	2986612	2757427	827489	2187535	2606724	2782633	3556766	
4229760	4251258	4255175	4276877	129142	137290	141638	305708	537940	594662	713987	727342	908189	1253552	1292208	1357557	1474081	1537072	1573363	1782898	1972989	1975280	2257968	2412144	2532654	2546197	2907978	2952857	3153475	3179967	3612619	3679962	4050992	4214145	1769193	2213516	2236043	3088474	3437562	3801333	
4229760	4251258	4255175	4276877	137290	141638	305708	537940	594662	713987	727342	908189	1253552	1292208	1357557	1474081	1537072	1573363	1782898	1972989	1975280	2257968	2412144	2532654	2546197	2907978	2952857	3153475	3179967	3612619	3679962	4050992	4214145	1769193	2213516	2236043	3088474	3437562	3801333	3868384	
4229760	4251258	4255175	4276877	137290	141638	305708	537940	594662	713987	908189	1253552	1292208	1357557	1474081	1537072	1573363	1782898	1972989	1975280	2257968	2412144	2532654	2546197	2907978	2952857	3153475	3179967	3612619	3679962	4050992	4214145	1769193	2213516	2236043	3088474	3437562	3801333	3868384	3137193	
4229760	4251258	4255175	4276877	137290	141638	305708	537940	594662	908189	1253552	1292208	1357557	1474081	1537072	1573363	1782898	1972989	1975280	2257968	2412144	2532654	2546197	2907978	2952857	3153475	3179967	3612619	3679962	4050992	4214145	1769193	2213516	2236043	3088474	3437562	3801333	3868384	3137193	43945	
1054798	142755	3301058	3572300	1256716	4050608	3103793	2427556	3002016	1509585	3910418	927533	2388582	301083	333214	929262	1195858	3686231	2338323	2163746	3336217	2316475	256446	410460	460019	650501	1084422	1469693	1525835	1646880	1895802	3290772	3345822	964897	2622784	2774312	3025907	331188	1258106	2195586	
142755	301083	333214	601958	702877	763168	927533	929262	1195858	1196784	1214144	1658495	2478763	3084332	3147936	3679060	3788664	4031583	942688	3282311	426104	1578080	1654539	2075366	2388582	2789850	3243393	3686231	3787760	3834132	4020732	505878	10689	15552	54702	92912	122976	234643	235622	239638	
142755	301083	333214	601958	702877	763168	927533	929262	1195858	1196784	1214144	1658495	2478763	3084332	3147936	3282311	3679060	3788664	4031583	426104	1578080	1654539	2075366	2388582	2789850	3243393	3686231	3787760	3834132	4020732	505878	10689	15552	54702	92912	122976	159650	234643	235622	239638	
142755	301083	333214	601958	702877	927533	929262	1195858	1196784	1214144	1658495	2478763	3084332	3147936	3282311	3679060	3788664	4031583	426104	1578080	1654539	2075366	2388582	2789850	3243393	3686231	3787760	3834132	4020732	505878	10689	15552	54702	92912	122976	159650	234643	235622	239638	286560	
142755	301083	333214	426104	601958	702877	927533	929262	1195858	1196784	1214144	1654539	1658495	2075366	2388582	2478763	2789850	3084332	3147936	3243393	3282311	3679060	3686231	3787760	3788664	3834132	4020732	4031583	505878	10689	15552	54702	4280305	92912	122976	159650	234643	235622	239638	247589	
900515	1675798	1823499	4216890	2861983	3648782	4124851	310598	1337908	2452606	4138864	194149	178907	2103494	3544720	404386	2049525	3860127	4082553	1338656	776463	2110424	2914578	2976855	2804235	2561058	3224331	3756394	3832895	1654122	515625	2056221	2555833	3002997	3974767	1538029	3171437	12813	1134140	368111	
194149	178907	2103494	900515	1675798	404386	2049525	3860127	4082553	1338656	776463	2110424	2914578	2976855	2804235	12813	368111	483636	832249	916920	1016303	1082465	1084887	1157660	1823499	1877335	2409972	2834429	3379793	3950710	4033494	4294513	138121	224483	734906	1269393	1277973	1369238	1608590	1882622	
178907	2049525	2103494	3860127	194149	776463	900515	1675798	2110424	2914578	2976855	404386	1338656	2804235	12813	15192	4209969	4216890	4222684	30190	4252794	4260751	83274	4284091	4292945	4294513	138121	160513	199648	204020	222316	224483	241641	259119	261114	263760	265742	277658	290879	302478	
178907	194149	2049525	2103494	3860127	404386	776463	900515	1338656	1675798	2110424	2804235	2914578	2976855	12813	15192	4209969	4216890	4222684	30190	4252794	4255164	4260751	83274	4284091	4292945	4294513	122404	138121	160513	166055	189972	199648	202675	204020	222316	224483	241641	259119	261114	
178907	194149	1237843	2049525	2103494	3261762	3860127	3991784	404386	776463	900515	1338656	1675798	1867182	2110424	2193744	2561058	2804235	2914578	2976855	3544720	12813	15192	4209969	4216890	4217761	4222684	30190	4238265	4243338	4252794	4255164	4260751	83274	4284091	4292945	4294513	122404	138121	139058	
2204287	2874970	3616915	4278444	4195634	54195	375214	502366	1071564	1105377	1115891	1575649	1608824	3408291	3412628	3876353	3967648	4031047	657463	3537525	4102980	4281270	1185032	3152933	4201485	181391	182013	548503	787295	789419	892058	1273624	1345394	1808159	1936330	2522443	3802221	4132103	4233252	2161469	
2204287	2874970	3616915	4278444	4195634	54195	375214	502366	1071564	1105377	1115891	1185032	1575649	1608824	3408291	3412628	3876353	3967648	4031047	657463	3152933	3537525	4102980	4201485	181391	182013	548503	787295	789419	892058	1273624	1345394	1808159	1936330	2522443	3802221	4132103	4233252	2161469	4201637	
4195634	54195	375214	502366	1071564	1115891	1185032	1575649	1608824	2204287	2874970	3408291	3412628	3616915	3876353	3967648	4031047	4278444	657463	3152933	3537525	4102980	4201485	4201637	32746	44411	156557	166267	181391	182013	200750	248209	320068	344768	548503	754306	776732	787295	789419	892058	
4195634	54195	375214	502366	1071564	1115891	1185032	1575649	1608824	2204287	2874970	3408291	3616915	3876353	3967648	4031047	4278444	657463	3152933	3537525	4102980	4201485	4201637	32746	44411	156557	166267	181391	182013	200750	248209	320068	344768	548503	754306	776732	787295	789419	892058	912429	
4195634	54195	375214	502366	1071564	1115891	1185032	1575649	1608824	2204287	2874970	3408291	3616915	3876353	4031047	4278444	657463	3152933	3537525	4102980	4201485	4201637	32746	44411	156557	166267	181391	182013	200750	248209	320068	344768	548503	754306	776732	787295	789419	892058	912429	937094	
3126691	4271293	903127	1456667	1782285	3690830	3860127	2319642	2970757	2302784	2899151	3314737	261114	265742	592788	839363	899574	1277973	1357572	1474832	1897248	2084896	2408890	2445262	2892978	2968176	3002997	3166083	3243023	3422284	464190	788383	2181599	1188015	4166996	467561	473857	2563706	2769316	404386	
302478	596337	1647647	1684114	1938586	2103494	2825304	2867127	3126691	3143911	3856310	3950710	4025544	4082553	4271293	202675	903127	1456667	2157754	3394314	1782285	4064689	416764	3690830	3860127	287090	461246	685320	957561	1578860	1888571	2181432	2319642	2517429	2763170	2960690	2970757	3079165	3274721	3340098	
302478	596337	1647647	1684114	1938586	2103494	2825304	2867127	3126691	3143911	3856310	3950710	4025544	4082553	202675	903127	1456667	1782285	2157754	3394314	4064689	416764	3690830	3860127	287090	461246	685320	957561	1578860	1888571	2092380	2181432	2302784	2319642	2517429	2763170	2960690	2970757	3079165	3274721	
302478	596337	1647647	1684114	1938586	2103494	2825304	2867127	3126691	3143911	3856310	3950710	4025544	202675	903127	1456667	1782285	2157754	3394314	4064689	416764	3690830	3860127	287090	461246	685320	957561	1578860	1888571	2092380	2181432	2302784	2319642	2517429	2763170	2960690	2970757	3079165	3274721	3340098	
202675	302478	596337	903127	1647647	1684114	1782285	1938586	2103494	2157754	2825304	2867127	3126691	3143911	3394314	3856310	3950710	4025544	4064689	416764	3690830	3860127	287090	461246	685320	957561	1578860	1888571	2092380	2181432	2302784	2319642	2517429	2763170	2960690	2970757	3079165	3274721	3340098	3368771	
3766475	2486616	4136827	1277973	3520207	895158	3062931	4190066	1707767	3470024	912470	3234490	3406747	72570	3287155	278834	1915027	1018785	3382060	324610	952068	1684088	1003170	1967328	3052141	3910418	1887296	1124264	2668896	1185992	1829853	3030548	1601966	4147020	3390059	261114	2257776	2905088	521134	2051758	
265303	824791	946393	983385	1277973	1698188	3334850	4048987	4057286	1013983	1420714	2551173	1551853	4042416	2524083	2369992	3841689	4136827	2688320	1808159	3978932	3914929	187272	1428072	3739562	4215346	4276305	201956	210468	261114	636259	694692	838974	839363	926101	1145601	1164536	1185250	1367994	1399205	
265303	824791	946393	983385	1277973	1698188	3334850	4057286	1013983	1420714	2551173	1551853	4042416	2524083	2369992	3841689	4136827	2688320	1808159	3978932	3914929	187272	1428072	3739562	4215346	4276305	201956	210468	261114	636259	694692	838974	839363	926101	1145601	1164536	1185250	1367994	1399205	1492428	
265303	824791	946393	983385	1277973	1698188	3334850	4057286	1013983	1420714	2551173	1551853	4042416	2369992	3841689	4136827	2688320	1808159	3978932	3914929	187272	1428072	3739562	4215346	4276305	201956	210468	261114	636259	694692	754461	838974	839363	926101	1145601	1164536	1185250	1367994	1399205	1492428	
265303	824791	946393	983385	1013983	1277973	1420714	1698188	3334850	4057286	1551853	4042416	1808159	2369992	3841689	3978932	4136827	2688320	3914929	187272	1428072	3739562	4215346	4276305	96676	110360	141868	153573	201956	206460	207138	210468	255593	261114	375317	431656	513733	636259	694692	754461	
2278979	2759355	1357572	2664508	2892978	662530	689409	1658238	2627137	3693069	3842152	3881728	899574	2408890	3242882	2557857	788383	1900166	4213572	72692	1153943	1238751	1472476	1618572	1817365	2453710	2579429	2710454	2938003	3166083	3414729	3422284	3611357	3690830	3844020	4129533	3314737	4173479	2266799	4203436	
662530	1658238	2278979	2759355	1357572	2627137	2664508	2892978	3693069	3842152	3881728	899574	1900166	1604405	2408890	3075522	3242882	1100084	2092781	2417809	2557857	2944110	3187548	3570425	3593906	3634880	2493920	788383	4208016	4213572	72692	470599	481002	556902	739277	1153943	1166063	1238751	1472476	1618572	
662530	899574	1357572	1658238	2278979	2627137	2664508	2759355	2892978	3693069	3842152	3881728	1100084	1604405	2092781	2408890	2417809	2557857	2944110	3075522	3187548	3242882	3570425	3593906	3634880	2493920	788383	4203436	4208016	4213572	4234708	72692	145239	181581	209189	360064	393221	423379	470599	481002	
662530	899574	1357572	1658238	2278979	2627137	2759355	2892978	3693069	3842152	3881728	1100084	1604405	2092781	2408890	2417809	2557857	2944110	3075522	3187548	3242882	3570425	3593906	3634880	2493920	788383	4203436	4208016	4213572	4234708	72692	145239	181581	209189	360064	393221	423379	470599	481002	556902	
899574	1357572	1658238	2278979	2627137	2759355	2892978	3693069	3842152	3881728	1100084	1604405	2092781	2408890	2417809	2557857	2944110	3075522	3187548	3242882	3570425	3593906	3634880	2493920	788383	4203436	4208016	4213572	4234708	72692	145239	181581	209189	360064	393221	423379	470599	481002	556902	739277	
2564530	663963	3767330	1995495	1020993	226681	1094072	860327	1905401	1238041	4217761	3139788	1765132	1331350	3627244	3699882	453351	1553256	2317360	1899721	1526709	3884977	1017436	1277075	1823499	1989528	358788	2829039	463508	1029692	1108890	715037	1911878	3186553	784379	1567506	3973109	1024794	1321403	973201	
226681	715037	860327	1017436	1020993	1024794	1108890	1277075	1905401	1911878	1989528	3186553	3884977	358788	4217761	463508	973201	1029692	1094072	1238041	1567506	1823499	1995495	2186371	2247468	2462290	2829039	2881931	3139788	3973109	510949	47986	1765132	3495139	784379	2160279	2456930	3391608	2794681	1331350	
4217761	226681	463508	715037	860327	973201	1017436	1020993	1024794	1029692	1094072	1108890	1238041	1277075	1567506	1823499	1905401	1911878	1989528	1995495	2186371	2247468	2829039	2881931	3139788	3186553	3884977	3973109	510949	47986	358788	1765132	3495139	784379	2160279	2456930	2794681	4243338	3391608	1331350	
4217761	226681	463508	715037	973201	1017436	1020993	1024794	1029692	1094072	1108890	1238041	1277075	1567506	1823499	1905401	1911878	1989528	1995495	2186371	2247468	2829039	2881931	3139788	3186553	3884977	3973109	510949	47986	358788	1765132	3495139	784379	2160279	2456930	2794681	4243338	3391608	1331350	1514159	
4217761	226681	463508	715037	973201	1017436	1020993	1024794	1029692	1094072	1108890	1238041	1277075	1567506	1905401	1911878	1989528	1995495	2186371	2247468	2829039	2881931	3139788	3186553	3884977	3973109	510949	47986	358788	1765132	3495139	784379	2160279	2456930	2794681	4243338	3391608	1331350	1514159	1598388	
1516092	435015	1949816	3723888	452541	3444022	2228964	2230864	3939672	270162	3217145	3495179	1364638	4130991	1860143	2827207	2376406	195315	1537648	1087196	55475	1505581	1338536	3151231	3764848	3747292	1313055	2020411	2715341	826725	1483479	1805179	341567	1658822	2607682	30212	1256215	3772526	3204834	1934284	
341567	1256215	1480758	1516092	1633138	1949816	3712077	3896581	1860143	2827207	205290	2687608	3747292	751087	1313055	67123	160313	456612	1087196	1113845	1997759	2228964	2718265	3017518	3048823	3204834	3639884	3723888	3939672	4192105	55475	112686	270162	795097	912343	1058542	1070307	1901290	1934284	2258559	
341567	1256215	1480758	1516092	1633138	3712077	3896581	1860143	2827207	205290	2687608	751087	1313055	3747292	55475	67123	112686	160313	270162	456612	795097	912343	1058542	1070307	1087196	1113845	1901290	1934284	1997759	2228964	2258559	2718265	2987421	3017518	3048823	3155832	3204834	3228011	3367334	3639884	
341567	452541	826725	1079650	1256215	1364638	1480758	1516092	1537648	1633138	1677555	3217145	3495179	3712077	3896581	1860143	2827207	205290	2687608	751087	970458	1313055	3747292	3827387	55475	67123	112686	160313	270162	456612	637217	795097	912343	1058542	1070307	1087196	1113845	1449162	1658822	1901290	
341567	452541	826725	1079650	1256215	1364638	1480758	1516092	1537648	1633138	1677555	3217145	3495179	3712077	3896581	1860143	2827207	205290	2687608	751087	919447	970458	1313055	1394823	3327489	3747292	3827387	55475	67123	112686	160313	270162	456612	637217	793492	795097	912343	1058542	1066440	1070307	
