490495
2700838	1544354	1930642	2104672	2654752	1222603	1941067	2761681	132640	82347	280162	89521	1750493	1332243	1530029	1728502	747656	2276703	814012	2699389	1285172	870958	818249	769538	213384	2788613	807301	516889	1020002	1023149	845958	3101433	991617	1457763	145400	2887929	2051384	2281409	2974904	2539226	3179255	644473	2257030	346512	2309818	616548	2399723	3237500	2875226	1471798	2281840	1180679	707991	449684	457719	774547	1296539	2889400	1154523	3095595	490495	2978145	129216	164225	2773694	2798516	2567228	478453	2265945	
1429405
2931200	871462	1106953	2073794	1927856	1429405	3138711	2912667	179573	2292217	100029	860183	3035531	1791270	
2372121
1027883	873152	116904	745689	800755	3109806	1433655	500073	3419478	2765571	3243762	2486843	2284546	164170	1905721	735859	1370382	489013	202909	653521	1077595	2171546	2130339	1691165	1087550	979310	1637182	396290	2372619	
97051
3036761	2915507	2380853	2978644	1106953	2878296	1429405	3005988	97051	1565168	3300098	105042	730809	2973143	1791270	1745318	3199879	2288572	2868665	3304345	
176685
1410216	780653	2906720	2018923	3176320	1399574	851455	2746040	1695618	543229	1941174	1474227	2122649	569767	2065798	2053463	2720869	3288935	2766944	2692489	514382	1174516	3284660	899378	13079	2954411	64532	90691	1877503	352909	1639149	3151461	1362975	901808	712890	3405605	1311144	3037517	
176685
2984651	2839583	2887241	3314266	2286289	514382	2374172	591630	1946991	176685	2850769	
1648283
2906720	2018923	1005553	2829735	3173845	2525767	1352336	2860617	3039630	2859752	1946991	3246148	176685	
2831506
1399955	76600	1555061	2007405	3252568	2747940	2949317	2029737	1370321	423561	1420577	1952733	2771737	1839757	2831506	2601570	1640616	2231699	50917	2267098	2785226	1576739	442312	1126160	73495	1433146	178515	2353940	1217469	1689513	1188208	1657262	761498	771815	345364	2755912	2590375	2186926	1763348	432486	1560193	2426554	146555	2726865	2651485	1076585	3031738	900875	212729	2827560	681792	1312626	818394	976424	2165260	1912943	715783	2324073	1158598	1214120	1801625	263100	618843	204936	2550345	1730375	2746895	1948770	2883321	1877241	3047215	1893243	1368675	2963942	765028	
2831506
3252568	2831506	2833330	2833331	3122048	2279085	144106	1433146	1689513	3026361	871943	432486	3031738	2827560	2114148	2175206	
3426650
1925516	1167644	1636584	1581241	1757252	1378907	1786692	2664320	2133568	174043	2859936	2882660	3376292	2371729	3426650	3395393	1061046	2048962	1574246	1110619	
37767
1388457	2573386	814847	1298284	1638689	1181203	2479760	2095136	2175728	2192324	173938	1006787	2089948	1754380	37767	2839667	1344004	382278	38452	2899413	855820	2703594	1645171	1321157	934559	439113	2716099	
1673613
3226252	2644425	1168332	343287	814847	1180432	1702323	2081131	1533448	1181203	2571739	1416967	3217645	1851494	2193622	2356737	869246	2203780	2724065	993118	2729008	2701872	1716900	273396	1221619	1224922	1732711	1673613	533012	448731	1320681	1323924	433167	494576	1242556	2190744	2138157	1064894	1196150	2795384	2068742	552339	2441001	1102082	1908630	338851	1257755	1765339	2682339	2101547	634121	2065700	2082124	2431460	2364741	1476143	1468557	2256765	1542303	395334	2926947	1522970	1581574	694375	2536788	198483	1938592	1765401	1291836	1889081	168648	621479	771897	1637732	182596	612084	2877776	1064533	2219523	
136617
1860319	752677	1123620	2466614	660775	1957650	2734442	263033	2728255	13425	480747	1590759	199964	1275232	372251	760389	2630501	2229714	221267	1779621	1537694	2299530	1672479	806924	2243463	1229364	2136705	301657	1162795	1720095	343607	873553	2093728	174481	1493877	1466537	1731978	676066	2471221	2482183	1004310	1681769	
2826190
1706025	986173	851515	152619	766817	2826190	1326814	50171	2761942	726134	1635375	2736057	1965402	134686	652785	987383	1541055	972931	677604	1088506	2797358	1771261	
1605470
2098367	1063414	2486590	1527706	1605470	1605470	2061537	796987	1746617	1652863	3237305	2542845	2406542	2467678	2377281	2009575	311203	1696370	743934	1031773	1532922	1492210	533175	2052671	3392572	766028	
2105304
1013462	2610945	2753372	3319717	2105304	1022236	1489619	1306059	1694546	3340194	669872	768534	605877	328369	371040	338242	639551	570652	2237497	2144195	326757	949592	3168664	2608107	727353	1174852	1484238	3336884	1288280	2698424	1615534	
2822032
1588326	1715183	613560	1725354	2138576	2834987	2002263	2822032	1802579	119844	2179800	854247	649718	2555602	2331876	2827960	373395	824006	605157	1592729	276308	271879	3265970	3094399	34115	744718	717418	627341	707501	
2327945
733364	1106006	1104927	2511370	613970	628609	387815	2411173	2482671	2764619	2080052	32858	1281435	323755	2562032	1873752	2327945	877687	1994322	405351	887229	425283	300308	745469	2561214	1877795	1168159	1763908	2537127	1232982	328330	2595864	1702041	1049400	2665905	823661	1974275	993544	1588701	1040947	1750462	1049051	1450409	
340252
2295670	2367968	303712	168364	612510	2170933	2562526	1319590	1949161	952530	761122	543670	1097430	2351422	2140930	620636	1385715	2213610	152202	385708	234253	834681	2529063	2171701	1519785	1858387	2231564	2691327	2667182	1029173	340252	462373	763982	1528062	
2010538
1905926	1881297	3464299	1391786	1728736	2291256	3242796	3116787	475596	2359107	113358	2600858	1040332	2048182	3034527	77768	628031	1616041	106687	3321209	2800341	1113048	3289324	1650561	2830658	2770390	1143241	2010538	1276857	112711	2884656	1837684	403000	954792	2040794	710738	1116786	20459	2374409	3039410	573673	107579	2704940	226011	1637884	2106301	1014191	
