45482	2913043	2858242	4055946	2638605	1841506	611313	1868801	2541560	3104108	3617892	1023263	1814271	3045322	3056721	3112594	1589112	2500259	1701576	408457	499708	836168	868648	894625	1190194	1262212	1423851	1427532	1927255	3276407	4252909	202091	557546	1030349	1186078	1389621	1541185	1595615	3200166	3290045	
45482	611313	1841506	1868801	2541560	2638605	2858242	2913043	3104108	4055946	4252909	202091	408457	499708	557546	836168	868648	894625	1023263	1030349	1186078	1190194	1262212	1389621	1423851	1427532	1541185	1589112	1595615	1701576	1814271	1927255	2500259	3045322	3056721	3112594	3200166	3276407	3290045	3337097	
45482	4252909	202091	408457	499708	557546	611313	836168	868648	894625	1023263	1030349	1186078	1190194	1262212	1389621	1423851	1427532	1541185	1589112	1595615	1814271	1841506	1868801	1927255	2500259	2541560	2638605	2858242	2913043	3045322	3056721	3104108	3112594	3200166	3276407	3290045	3337097	3791432	3851971	
45482	4252909	202091	499708	557546	611313	836168	868648	894625	1023263	1030349	1186078	1190194	1262212	1389621	1423851	1427532	1541185	1589112	1595615	1814271	1841506	1868801	1927255	2500259	2541560	2638605	2858242	2913043	3045322	3056721	3104108	3112594	3200166	3276407	3290045	3337097	3791432	3851971	3963205	
45482	4252909	202091	499708	611313	836168	868648	894625	1023263	1030349	1186078	1190194	1262212	1389621	1423851	1427532	1541185	1589112	1595615	1814271	1841506	1868801	1927255	2500259	2541560	2638605	2858242	2913043	3045322	3056721	3104108	3112594	3200166	3276407	3290045	3337097	3791432	3851971	3963205	4055946	
878972	2259566	2990121	922461	3402822	3039369	3325925	2918074	966377	1483801	1092724	1199434	3470854	1170345	3277285	531040	714797	539846	305572	13974	1692543	573005	1536198	957971	2592336	2698927	3667560	523614	174050	410512	341866	566320	3387792	2656939	1296207	2454395	3365993	422760	3699067	2774971	
457027	209387	465843	1750779	2402257	2454395	2990121	3429641	3560246	416672	3734452	4175862	1296207	3365993	3616321	2986062	422760	2165343	3699067	3296173	3969488	4040035	4144933	4197982	244843	415057	445594	583807	1130208	1151062	1194716	1301058	1360831	2800625	3389118	64075	193274	380875	839035	1053797	
457027	460038	1618939	1750779	1789214	1868626	2402257	3969488	4040035	4144933	4197982	244843	415057	445594	475381	491313	583807	922461	1130208	1151062	1194716	1301058	1360831	1428391	1889890	2800625	2936831	3389118	3423803	4146008	4150282	4204112	4233107	64075	156750	193274	209387	351885	380875	448509	
4197982	4204112	4233107	64075	156750	193274	209387	244843	351885	380875	415057	445594	448509	457027	460038	465843	475381	491313	548056	583807	707219	756135	839035	849416	860855	910448	922461	1053797	1130208	1151062	1153479	1194716	1245162	1249605	1301058	1302034	1309610	1360831	1397246	1420781	
4197982	4204112	4233107	64075	156750	193274	209387	244843	351885	380875	415057	445594	448509	457027	460038	465843	475381	491313	548056	583807	707219	756135	839035	849416	860855	910448	922461	1053797	1151062	1153479	1194716	1245162	1249605	1301058	1302034	1309610	1360831	1397246	1420781	1425758	
3920212	3078913	1428391	2258901	3238811	1093004	1889890	2954446	3277846	3385084	3468716	3656639	244843	377719	415057	1057968	1129624	1151062	2275067	2683902	3529362	3734969	553675	620876	960394	1153479	1973192	2578494	3638151	3713974	4085205	4197134	334958	852040	1397382	1432302	1794516	1821431	1929471	1966459	
4200158	4233107	120336	324424	329763	368105	372358	473210	553675	620876	793843	848457	910508	960394	1020832	1093004	1153479	1374120	1425758	1428391	1692715	1865826	1889890	1973192	2136367	2222450	2227326	2258901	2273055	2332401	2389897	2416456	2430074	2578494	2640085	2781886	2847195	2855959	2954446	2985528	
4200158	4233107	120336	324424	329763	368105	372358	473210	553675	620876	793843	848457	910508	960394	1020832	1153479	1374120	1425758	1428391	1692715	1865826	1889890	1973192	2136367	2222450	2227326	2258901	2273055	2332401	2389897	2416456	2430074	2578494	2640085	2781886	2847195	2855959	2954446	2985528	3036611	
4196782	4200158	4218846	4233107	120336	324424	329763	368105	372358	473210	553675	620876	793843	848457	910508	960394	1020832	1153479	1374120	1425758	1428391	1692715	1762356	1865826	1889890	1973192	2136367	2222450	2227326	2258901	2273055	2332401	2339072	2389897	2416456	2430074	2578494	2640085	2666591	2754518	
4196782	4200158	4218846	4233107	120336	324424	329763	368105	372358	473210	553675	620876	793843	848457	910508	960394	1020832	1153479	1374120	1425758	1428391	1692715	1762356	1865826	1889890	1973192	2136367	2222450	2227326	2258901	2273055	2332401	2339072	2389897	2416456	2430074	2578494	2640085	2666591	2781886	
1889890	209387	1722431	1672075	2236860	3281748	3417696	3838787	1375216	1975582	2474542	2684253	3351179	69441	1437394	368075	1531786	3791409	1008034	1773202	494111	4163913	2711455	1429389	1564725	2389736	488205	2506611	1769943	1153479	850291	3519639	2600440	1807364	2694191	2888708	3614695	3708759	1343044	2666591	
1889890	622228	1316351	2729484	2755090	4284049	1973192	155309	3565344	1035100	2439490	4047954	174911	610402	1305789	1852131	2227326	4133019	2698794	2464293	3158862	702965	1432311	3302534	3327521	180575	4049581	1519041	2476751	722615	1959176	2098091	2959523	3192025	3024422	3870061	821117	1937484	3347194	3429148	
4284049	180575	821117	1889890	1937484	1973192	3347194	3864697	155309	174911	209387	610402	3158862	3429148	3565344	3734969	3969488	622228	1305789	2755090	3306254	4230551	1519041	1722431	2104312	2629693	2729484	2960668	2959523	2439490	702965	837918	1432311	1852131	2098091	2227326	2312658	2464293	2675346	3192025	
4230551	4284049	155309	174911	180575	209387	610402	622228	821117	1305789	1519041	1722431	1889890	1937484	1973192	2104312	2629693	2729484	2755090	2960668	3158862	3306254	3347194	3429148	3565344	3734969	3864697	3969488	2959523	702965	837918	882758	1035100	1296320	1316351	1432311	1543446	1680207	1722886	1852131	
4230551	4284049	155309	174911	180575	209387	610402	622228	702965	821117	837918	882758	1035100	1296320	1305789	1432311	1519041	1543446	1680207	1722431	1722886	1852131	1889890	1937484	1973192	2098091	2104312	2227326	2312658	2422343	2464293	2476751	2629693	2675346	2698794	2729484	2755090	2916564	2960668	2986062	
3649893	3290021	381655	555233	957763	2229931	3235595	1520861	2303187	772993	781140	3714056	956625	3795162	3868642	4056850	1753326	425545	4148053	3711348	4086753	4181087	588519	956875	120563	192003	1326100	1851023	1951174	3066152	480899	2333125	2380749	1086060	1562957	1190194	2733805	907536	589913	2172177	
3714056	772993	3868642	4056850	3795162	425545	1753326	4148053	3711348	4086753	781140	4181087	956875	588519	480899	1851023	1951174	2333125	2380749	120563	192003	1086060	1326100	1027600	3066152	2539507	3247336	441173	773529	864412	873019	954312	1190194	1430257	1562957	1594469	2692067	2733805	3231094	3245017	
120563	192003	425545	441173	480899	589913	772993	773529	781140	864412	873019	954312	956875	1027600	1086060	1100966	1144685	1190194	1326100	1430257	1562957	1594469	1753326	1851023	1951174	1967711	2172177	2333125	2380749	2539507	2551814	2655570	2692067	2733805	3066152	3231094	3245017	3247336	3711348	3714056	
120563	128428	138718	192003	425545	441173	480899	588519	589913	772993	773529	781140	844666	864412	873019	907536	954312	956875	1027600	1086060	1100966	1144685	1190194	1326100	1430257	1482310	1562957	1594469	1753326	1851023	1922705	1951174	1967711	2172177	2333125	2380749	2539507	2551814	2655570	2692067	
120563	128428	138718	192003	425545	441173	480899	588519	589913	772993	773529	781140	844666	864412	873019	907536	954312	956875	1027600	1086060	1100966	1144685	1190194	1326100	1430257	1482310	1594469	1753326	1851023	1922705	1951174	1967711	2172177	2333125	2380749	2539507	2551814	2655570	2692067	2733805	
2071532	2579236	1269437	3911714	1761522	3607709	3906983	1087165	3583728	2054315	1305762	3801690	3071539	3696507	170300	2721483	933504	1878063	2704230	439433	3116391	1311822	3405826	3744973	580364	1906224	2481391	2609868	2769382	3312045	497893	1669105	2562292	1739106	3488097	1979886	1524454	67074	248817	3118699	
2579236	1269437	3911714	1761522	2054315	3583728	3607709	3906983	1087165	1305762	3801690	439433	580364	1906224	2481391	2609868	2769382	3071539	3116391	3312045	3696507	497893	933504	1311822	1669105	1878063	2562292	2704230	3405826	3744973	170300	1739106	3488097	1979886	1524454	2721483	67074	248817	3118699	490363	
170300	439433	580364	1269437	1305762	1761522	1906224	2054315	2481391	2579236	2609868	2769382	3071539	3116391	3312045	3488097	3583728	3607709	3696507	3906983	497893	933504	1087165	1311822	1669105	1878063	1979886	2562292	2704230	3405826	3744973	3801690	1524454	2721483	3911714	67074	231014	248817	490363	823568	
170300	439433	497893	580364	933504	1269437	1305762	1311822	1669105	1761522	1878063	1906224	1979886	2054315	2481391	2562292	2579236	2609868	2704230	2769382	3071539	3116391	3312045	3405826	3488097	3583728	3607709	3696507	3744973	3801690	3906983	1524454	2721483	3911714	64060	67074	231014	248817	366412	370895	
170300	439433	580364	933504	1269437	1305762	1311822	1669105	1761522	1878063	1906224	1979886	2054315	2481391	2562292	2579236	2609868	2704230	2769382	3071539	3116391	3312045	3405826	3488097	3583728	3607709	3696507	3744973	3801690	3906983	1524454	2721483	3911714	64060	67074	231014	248817	366412	370895	428569	
387326	1360831	2195519	2985927	3281748	3380199	1033932	2873963	2883167	1459054	1794516	622228	1437394	3080606	3232895	448509	3739098	4216196	153642	577094	2068489	2683042	955157	1130208	34552	222248	833111	844878	850291	1161361	1887279	2743734	3420232	3519639	3571604	3842622	3847606	4200158	747813	2860532	
153642	577094	2683042	387326	955157	1130208	1360831	2195519	2873963	2883167	2985927	34552	222248	833111	844878	850291	1161361	1459054	1794516	1887279	2743734	3281748	3380199	3420232	3519639	3571604	3842622	3847606	747813	2860532	3010883	159939	664540	1033932	1820794	4179329	707219	1757871	3759238	793368	
4196782	4200158	6747	13318	4216196	4218846	34552	65929	120336	153642	222248	230680	248528	368105	381641	387326	448509	577094	622228	666994	686751	707219	793368	833111	844878	850291	910508	955157	1042852	1051947	1130208	1161361	1333571	1342804	1345965	1360831	1459054	1638648	1716958	1757871	
4196782	4200158	6747	13318	4216196	4218846	34552	65929	120336	153642	222248	230680	248528	368105	381641	387326	448509	577094	622228	666994	686751	707219	793368	833111	844878	850291	910508	955157	1042852	1051947	1130208	1161361	1333571	1342804	1345965	1360831	1459054	1638648	1716958	1757871	
4196782	4200158	6747	13318	4216196	4218846	34552	65929	120336	153642	222248	230680	248528	368105	381641	387326	448509	577094	622228	666994	686751	707219	793368	833111	844878	850291	910508	955157	1042852	1051947	1130208	1161361	1333571	1342804	1345965	1360831	1459054	1638648	1716958	1757871	
1504032	1949978	4233692	1922705	3868642	4248050	671107	973922	1927255	2222644	2581422	4197590	32299	974702	1868801	2834425	2860775	3927632	1120340	4086753	2188751	2573287	1496668	2310175	3075774	79550	144067	655712	808909	868648	1267840	1851023	1935802	2279021	2344545	2576215	2720451	2748987	3055124	3115380	
4248050	79550	144067	655712	671107	808909	868648	973922	1267840	1504032	1851023	1927255	1935802	2222644	2279021	2310175	2344545	2581422	2720451	2748987	3055124	3075774	3115380	3604625	4114321	4179003	4197590	32299	366412	387151	561311	974702	987189	1624016	1646314	1868801	2140492	2402737	2763275	2834425	
4197590	32299	4248050	79550	144067	366412	387151	561311	655712	671107	808909	868648	973922	974702	987189	1267840	1504032	1624016	1646314	1851023	1868801	1927255	1935802	2140492	2222644	2279021	2310175	2344545	2402737	2581422	2720451	2748987	2763275	2834425	2860775	3055124	3075774	3115380	3246470	3581475	
4197590	32299	4248050	79550	144067	366412	387151	561311	655712	671107	808909	868648	973922	974702	987189	1267840	1504032	1624016	1646314	1851023	1868801	1927255	1935802	2140492	2222644	2279021	2310175	2344545	2402737	2581422	2720451	2748987	2763275	2834425	2860775	3075774	3115380	3246470	3581475	3604625	
4197590	32299	4248050	79550	144067	366412	387151	561311	655712	671107	808909	868648	973922	974702	987189	1267840	1504032	1646314	1851023	1868801	1927255	1935802	2140492	2222644	2279021	2310175	2344545	2402737	2581422	2720451	2748987	2763275	2834425	2860775	3075774	3115380	3246470	3581475	3604625	3927632	
788212	2310175	3789179	963864	737303	3511078	1206789	987189	4109154	2084424	147540	224985	683178	1067020	1221604	1796855	1994607	2137567	2497230	3045322	3383849	959106	986016	2763275	3954972	107530	175151	1377366	2740520	3965161	4156577	2080034	907536	2493545	710492	993630	1077394	1085591	1296311	2951409	
788212	2310175	987189	3789179	963864	147540	224985	683178	737303	1067020	1221604	1796855	1994607	2084424	2137567	2497230	3045322	3383849	3511078	4109154	959106	986016	2763275	3954972	107530	175151	1377366	2740520	3965161	4156577	2080034	907536	2493545	4200026	33638	45975	57904	71418	78326	85241	
147540	224985	683178	737303	788212	963864	986016	987189	1067020	1221604	1796855	1994607	2084424	2137567	2310175	2497230	2763275	3045322	3383849	3511078	3954972	4109154	107530	175151	1377366	2740520	3965161	4156577	2080034	907536	2493545	3789179	4194924	4195043	4195140	879	4195289	4195517	4195700	1346	
147540	224985	683178	737303	788212	963864	986016	987189	1067020	1221604	1796855	1994607	2084424	2137567	2310175	2497230	2763275	3383849	3511078	3954972	4109154	107530	175151	1377366	2740520	3965161	4156577	2080034	907536	2493545	3789179	4194924	4195043	4195140	879	4195289	4195517	4195700	1346	4195636	
147540	224985	683178	737303	788212	963864	986016	987189	1067020	1221604	1994607	2084424	2137567	2310175	2497230	2763275	3383849	3511078	3954972	4109154	107530	175151	1377366	2740520	3965161	4156577	2080034	907536	2493545	3789179	4194924	4195043	4195140	879	4195289	4195517	4195700	1346	4195636	4196168	
1478306	3405982	4027546	227464	694118	721511	1038058	1587723	2031677	1638648	2154368	2653244	2841727	3490619	1895019	2673903	1253362	2932511	3347194	427139	650649	666994	910508	1585569	1739229	1937484	2009680	2851735	2961759	3843627	4281844	4244459	1369837	1618939	244843	1322511	1635182	418868	1627182	1828031	
694118	721511	1038058	1478306	1587723	2031677	1638648	3405982	4027546	2154368	427139	650649	666994	910508	1585569	1739229	1937484	2009680	2653244	2841727	2851735	2961759	3347194	3490619	3843627	4281844	1895019	4244459	1369837	1618939	244843	476888	1253362	1322511	1361558	1519301	1635182	1726561	2433207	2449167	
4244459	175151	427139	476888	650649	666994	694118	721511	910508	1038058	1253362	1322511	1361558	1369837	1478306	1519301	1585569	1587723	1618939	1635182	1726561	1739229	1937484	1961866	2009680	2031677	2065733	2433207	2445966	2449167	2460331	2504304	2653244	2698359	2841727	2851735	2932511	2961759	3330054	3347194	
4244459	175151	427139	476888	650649	666994	694118	721511	910508	1038058	1253362	1322511	1361558	1369837	1519301	1585569	1587723	1618939	1635182	1726561	1739229	1937484	1961866	2009680	2031677	2065733	2433207	2445966	2449167	2460331	2504304	2653244	2698359	2841727	2851735	2932511	2961759	3330054	3347194	3490619	
4244459	175151	427139	476888	650649	666994	694118	721511	910508	1038058	1253362	1322511	1361558	1369837	1519301	1587723	1618939	1635182	1726561	1739229	1937484	1961866	2009680	2031677	2065733	2433207	2445966	2449167	2460331	2504304	2653244	2698359	2841727	2851735	2932511	2961759	3330054	3347194	3490619	3704164	
