1052379	1055814	1630775	4263405	3754130	2190057	3239409	625638	181781	2297381	1779007	207628	228064	1809021	2339920	788872	2892871	838877	3463412	1387435	4032657	1940820	377709	3014115	1984673	965121	3588442	977889	1533237	2598404	1036797	4209842	1658507	2136491	2273043	2888905	4023639	546671	2621749	2621806	
1052379	1055814	1630775	4263405	3754130	2190057	3239409	625638	181781	2297381	1779007	207628	228064	1809021	2339920	788872	2892871	838877	3463412	4032657	1940820	377709	3014115	1984673	965121	3588442	977889	1533237	2598404	1036797	4209842	1658507	2136491	2273043	2888905	4023639	546671	2621749	2621806	3670856	
1052379	1055814	1630775	4263405	2190057	3239409	625638	181781	2297381	1779007	207628	228064	1809021	2339920	788872	2892871	838877	3463412	4032657	1940820	377709	3014115	1984673	965121	3588442	977889	1533237	2598404	1036797	4209842	1658507	2136491	2273043	2888905	4023639	546671	2621749	2621806	3670856	4195238	
1052379	1055814	1630775	4263405	3239409	625638	181781	2297381	1779007	207628	228064	1809021	2339920	788872	2892871	838877	3463412	4032657	1940820	377709	3014115	1984673	965121	3588442	977889	1533237	2598404	1036797	4209842	1658507	2136491	2273043	2888905	4023639	546671	2621749	2621806	3670856	4195238	1049694	
1052379	1055814	1630775	4263405	3239409	625638	181781	2297381	1779007	207628	228064	1809021	788872	2892871	838877	3463412	4032657	1940820	377709	3014115	1984673	965121	3588442	977889	1533237	2598404	1036797	4209842	1658507	2136491	2273043	2888905	4023639	546671	2621749	2621806	3670856	4195238	1049694	4196065	
1906022	3236266	3705584	631916	2705894	707235	2927400	4057660	2252696	3823361	4043697	115312	143229	349117	3356903	255751	4208713	1169294	717294	3674921	3465381	899712	3225973	1065292	2684020	3744648	106651	1236243	722375	328546	1458892	1214593	1062248	472011	1011945	244836	2539805	1221288	3475193	3028287	
1718523	3323590	1282425	1306984	326674	1964554	1476549	1021058	4012304	580379	3190933	1581308	4238580	2173173	2752844	229205	4035049	3521064	4104906	3152496	110234	2208079	1719287	3835380	3596405	3058691	458810	2298413	1616530	430139	347093	558668	1085548	579286	3834264	2881308	2920579	1906022	235440	1502362	
1718523	3323590	1282425	1306984	326674	1964554	1476549	1021058	4012304	580379	1581308	4238580	2173173	2752844	229205	4035049	3521064	430139	4104906	3152496	110234	2208079	1719287	3835380	347093	3596405	3058691	458810	2298413	1616530	558668	1085548	579286	3834264	2881308	2920579	1906022	1765164	235440	1502362	
3152496	110234	1718523	1719287	3835380	3323590	1282425	1306984	326674	347093	1964554	1476549	3596405	1021058	458810	4012304	2298413	580379	1581308	558668	1085548	4238580	579286	2173173	2752844	3834264	229205	2881308	2920579	1906022	4035049	3521064	430139	4104906	1765164	235440	3058691	1502362	1803301	1616530	
3152496	110234	1718523	1719287	3835380	3323590	1282425	1306984	326674	347093	1964554	1476549	3596405	1021058	4012304	2298413	580379	1581308	558668	1085548	4238580	579286	2173173	2752844	3834264	229205	235440	2881308	2920579	1906022	4035049	3521064	430139	4104906	3058691	1502362	1765164	1803301	1071916	1616530	
2273617	333965	3427109	1718523	2122731	3177544	2384198	1404739	2498939	1478867	1643090	822889	4117806	3073994	3276089	2799824	3403132	2495432	273516	907410	3246464	114848	3545171	2719917	973501	2388727	1312687	2891761	546734	658634	3284250	1306984	3190933	3342613	2708047	1242537	3379609	2392847	1378230	1407497	
2122731	3177544	3276089	2273617	1242537	3379609	3403132	273516	3427109	2384198	2392847	1378230	1404739	1407497	3516651	3537602	2498939	1478867	2530499	471141	1530758	1563003	1643090	2724945	2737298	3810646	2799824	3963228	822889	907410	4117806	3073994	2904598	2495432	4260295	3246464	114848	1312687	2388727	3545171	
2122731	3177544	3276089	2273617	1242537	3379609	3403132	273516	3427109	2384198	2392847	1378230	1404739	1407497	3516651	3537602	2498939	1478867	2530499	471141	1530758	1563003	1643090	2724945	2737298	3810646	2799824	822889	907410	4117806	3073994	2904598	2495432	4260295	3246464	114848	1312687	2388727	3545171	487697	
2122731	3177544	3215829	3276089	2273617	1242537	3379609	3403132	273516	3427109	2384198	2392847	1378230	1404739	1407497	3516651	3537602	2495432	2498939	3570231	1478867	2530499	471141	1530758	1563003	1643090	2724945	2737298	3810646	2799824	705498	2904598	822889	907410	4117806	3073994	4260295	3246464	114848	3280922	
2122731	3215829	3276089	2273617	1242537	3379609	3403132	273516	3427109	2384198	2392847	1378230	1404739	1407497	3516651	3537602	2495432	2498939	3570231	1478867	2530499	471141	1530758	1563003	1643090	2724945	2737298	3810646	2799824	705498	2904598	822889	907410	4117806	3073994	4260295	3246464	114848	3280922	1312687	
2454572	1525072	283532	2499547	593965	2837603	2986210	1067718	1293773	3538481	1549771	1710658	3858635	1765575	3931587	3960190	1909455	4058594	2398586	3778487	2750187	1728967	4158563	2927659	1962722	244844	2661273	746911	3588084	1827022	3928071	3977028	3139501	2523136	2580424	764718	3067447	1146095	3567566	2429902	
283532	2454572	593965	2837603	2986210	1067718	1293773	3538481	1525072	1549771	1710658	3858635	1765575	3931587	3960190	1909455	4058594	2398586	3778487	2750187	1728967	4158563	2927659	1962722	244844	2661273	746911	3588084	1827022	3928071	3977028	3139501	2523136	2580424	764718	3067447	1146095	3567566	2429902	659706	
283532	2454572	593965	2837603	2986210	1067718	1293773	3538481	1525072	1549771	1710658	3858635	1765575	3960190	1909455	4058594	2398586	3778487	2750187	1728967	4158563	2927659	1962722	244844	2661273	746911	3588084	1827022	3928071	3977028	3139501	2523136	2580424	764718	3067447	1146095	3567566	2429902	659706	553536	
244844	283532	2398586	2454572	2661273	593965	2837603	746911	2986210	1067718	1293773	3538481	3588084	1525072	1549771	1710658	3858635	1765575	3928071	3960190	3977028	1909455	4058594	3778487	2523136	2580424	2750187	764718	2927659	3067447	1146095	3567566	1728967	4158563	2429902	659706	1962722	553536	3139501	2099016	
244844	283532	2398586	2454572	2661273	593965	2837603	746911	2986210	1067718	1293773	3538481	3588084	1525072	1549771	1710658	3858635	1765575	3928071	3960190	3977028	1909455	4058594	2523136	2580424	2750187	764718	2927659	3067447	1146095	3567566	1728967	4158563	2429902	659706	1962722	553536	3139501	2099016	4212587	
2106427	4234628	4263858	71942	209777	2454505	374972	2665566	2865988	785437	2907506	2928488	2969215	1070106	3202435	3326607	3437834	1524505	3825443	4090233	2056037	381840	3595280	1051636	1880202	561972	1880794	143693	2504346	3683512	826684	3793845	1819182	2265350	2356338	2297053	227601	246827	367362	629458	
2106427	4234628	4263858	69932	71942	143693	2265350	209777	227601	246827	2356338	2454505	367362	374972	2504346	2665566	612289	629458	2865988	785437	2907506	2914306	826684	2928488	2969215	973268	1070106	3202435	1164099	3326607	3407841	3437834	1524505	3670133	3683512	1600443	3825443	3859434	4090233	2000998	
2106427	4234628	4263858	69932	71942	143693	2265350	209777	227601	246827	2356338	2454505	367362	374972	381840	2504346	2619834	561972	2665566	612289	629458	2844266	2865988	785437	2907506	2914306	826684	2928488	2969215	943197	973268	1051636	1070106	3202435	1106769	1164099	3326607	3407841	1322228	3437834	
2106427	4234628	4263858	69932	71942	143693	2265350	209777	227601	246827	2454505	367362	374972	381840	2504346	2619834	561972	2665566	612289	629458	2844266	2865988	785437	2907506	2914306	826684	2928488	2969215	943197	973268	1051636	1070106	3202435	1106769	1164099	3326607	3407841	1322228	3437834	3595280	
2106427	4234628	69932	71942	143693	2265350	209777	227601	246827	2454505	367362	374972	381840	2504346	2619834	561972	2665566	612289	629458	2844266	2865988	785437	2907506	2914306	826684	2928488	2969215	943197	973268	1051636	1070106	3202435	1106769	1164099	3326607	3407841	1322228	3437834	3595280	1524505	
3701092	1436534	3987129	894089	3004657	3693321	4092997	2109680	3028256	1087975	3881714	2859424	2822758	92576	4201893	3496010	2140924	2277669	1143393	2441402	3622768	1729255	3276089	2489240	2227545	990729	4196916	2806193	3836411	2232508	3464866	3328052	785599	3148275	1762626	4218582	3844144	3846166	3384843	3440455	
92576	2277669	3004657	1436534	3693321	4092997	2441402	3701092	3622768	2109680	3028256	1729255	3987129	3276089	4201893	1087975	2822758	894089	3881714	2859424	2489240	2227545	990729	3496010	4196916	2806193	3836411	2232508	2140924	3464866	3328052	785599	3148275	1762626	4218582	3844144	3384843	3440455	3846166	92556	
2109680	92576	2277669	3004657	3028256	1436534	3693321	1729255	3987129	4092997	2441402	3276089	1087975	3701092	3622768	894089	2822758	3881714	2859424	2489240	4196916	2227545	2806193	990729	3496010	3836411	2140924	2232508	3464866	3328052	785599	3148275	1762626	4218582	3844144	92556	301614	3202828	3384843	3440455	
4196916	2109680	92576	2227545	2277669	2441402	3004657	3028256	990729	3276089	3496010	1436534	3693321	1729255	3987129	4092997	1087975	3701092	3622768	3836411	2140924	2232508	2822758	894089	3464866	3881714	2859424	3328052	2489240	785599	3148275	1762626	4218582	3844144	4278442	92556	301614	382504	403285	2777443	
4196916	2109680	92576	2227545	2277669	2441402	3004657	3028256	990729	3276089	3496010	1436534	3693321	1729255	4092997	1087975	3701092	3622768	3836411	2140924	2232508	2822758	894089	3464866	3881714	2859424	3328052	2489240	785599	3148275	1762626	4218582	3844144	4278442	92556	301614	382504	403285	2777443	856210	
644040	2760452	1671469	392673	893078	1532762	1320054	2578890	2624436	2975783	3081990	1156039	1624052	3989735	2006979	2307722	3306081	3246464	3877979	1941218	155626	3363602	2207316	2917695	4222370	87216	2777652	2890025	4106278	318097	2640118	553038	716079	2975707	4218889	3841913	1127690	777338	1141661	2567675	
4222370	87216	2207316	318097	2578890	2624436	2640118	553038	644040	2760452	2777652	2890025	2975707	2975783	893078	3081990	1156039	1532762	1624052	1671469	3989735	2006979	4218889	392673	3841913	1127690	2307722	1320054	4106278	2917695	155626	2271971	2730599	721359	777338	845889	1095030	1141661	3246464	3306081	
4222370	87216	2207316	318097	2578890	2624436	553038	644040	2760452	2777652	2890025	2975707	2975783	893078	3081990	1156039	1532762	1624052	1671469	3989735	2006979	4218889	392673	3841913	1127690	2307722	1320054	4106278	2917695	155626	2271971	2730599	721359	777338	845889	1095030	1141661	3246464	3306081	3363602	
4222370	87216	2207316	318097	2578890	2624436	553038	644040	2760452	2777652	2890025	2975707	2975783	893078	3081990	1156039	1532762	1624052	1671469	3989735	2006979	392673	3841913	1127690	2307722	1320054	4106278	2917695	155626	2271971	2730599	721359	777338	845889	1095030	1141661	3246464	3306081	3363602	1391233	
4222370	87216	2207316	2578890	2624436	553038	644040	2760452	2777652	2890025	2975707	2975783	893078	3081990	1156039	1532762	1624052	1671469	3989735	2006979	392673	3841913	1127690	2307722	1320054	4106278	2917695	155626	2271971	2730599	721359	777338	845889	1095030	1141661	3246464	3306081	3363602	1391233	3877979	
3166223	2476332	637852	2517517	475043	917414	3323590	1964554	2096941	277705	3082469	546734	2252696	2342807	3342613	302002	414461	2682419	641681	2810375	2927400	2175344	3752244	1661718	3284250	1849070	2273617	316984	580379	2723154	826684	1021058	1059063	1306984	1718523	3912698	2063494	429409	4012304	1485846	
2252696	2342807	277705	3082469	2175344	2476332	3752244	1661718	302002	414461	2682419	637852	641681	2810375	3284250	1849070	2927400	3166223	1485846	2232168	2273617	316984	2517517	2553017	475043	580379	2723154	826684	2973027	917414	1021058	1059063	1126626	3316983	3323590	1306984	3700363	1718523	3912698	4030668	
2175344	2232168	2252696	2273617	2342807	277705	302002	316984	2476332	414461	2517517	2553017	475043	580379	2682419	2723154	637852	641681	2781818	2810375	826684	2927400	2973027	917414	3082469	1021058	1059063	1126626	3284250	3316983	3323590	1306984	3700363	3752244	1661718	1718523	3912698	1849070	4030668	1964554	
2273617	3284250	1306984	1718523	546734	2175344	2232168	2252696	2342807	277705	302002	316984	2476332	414461	2517517	2553017	475043	580379	2682419	2723154	637852	641681	2781818	2810375	826684	2927400	2973027	917414	3082469	1021058	1059063	1126626	3316983	3323590	1485846	3700363	3752244	1661718	3912698	1849070	
2273617	3284250	1306984	1718523	546734	2175344	2232168	2252696	2342807	277705	302002	316984	2476332	414461	2517517	2553017	475043	580379	2682419	2723154	637852	641681	2781818	2810375	826684	2927400	2973027	917414	3082469	1021058	1059063	1126626	3316983	3323590	1485846	3700363	3752244	1661718	3912698	1849070	
3719833	78113	3603830	3653460	1618041	4085259	4085465	1488825	376090	3666153	2844556	3055985	1114539	1864955	4167336	757061	638450	4053458	1627989	4080938	3021178	135036	2185024	1412491	267291	2957378	183990	3503168	2239438	572678	2839695	809947	3679919	31718	2138314	1644820	227099	2392249	661635	886225	
2138314	135036	2239438	183990	227099	267291	2392249	572678	638450	2839695	2844556	809947	2957378	3055985	1114539	3679919	1644820	1864955	3989177	4053458	4167336	31718	46558	757061	829146	3719833	78113	2185024	661635	886225	1412491	3603830	1627989	3825213	4080938	4194415	3021178	1225705	3503168	3758860	
2138314	2185024	135036	2239438	183990	227099	267291	2392249	572678	638450	661635	2839695	2844556	809947	2957378	886225	3055985	1114539	1412491	3603830	3679919	1627989	1644820	3825213	1864955	3989177	4053458	4080938	4167336	4194415	31718	46558	757061	829146	3021178	3719833	1225705	3503168	3758860	1822260	
2138314	2185024	135036	2239438	183990	227099	267291	2392249	572678	638450	661635	2839695	2844556	809947	2957378	886225	3055985	1114539	1412491	3603830	3679919	1627989	1644820	3825213	3989177	4053458	4080938	4167336	4194415	31718	46558	757061	829146	3021178	3719833	1225705	3503168	3758860	1822260	39271	
4194415	31718	2138314	46558	2185024	135036	2239438	183990	227099	267291	2392249	572678	638450	661635	2839695	2844556	757061	809947	829146	2957378	886225	3021178	3055985	1114539	1412491	3603830	3679919	1627989	1644820	3825213	3989177	4053458	4080938	4167336	1225705	3503168	3758860	1822260	39271	68794	
291662	228306	3324521	1437692	1738859	2929104	4175662	706919	3538452	3709328	3934357	1225709	165103	2978558	1189561	1225736	1818344	2256969	2710403	3327914	19292	1225755	2307722	3487919	1025260	2709420	120521	441281	103695	2519034	2563252	2264585	225363	3200968	2782455	3052163	3368380	1328107	4174940	1352428	
228306	291662	706919	2978558	1189561	1225736	3324521	1437692	3538452	3709328	1738859	1818344	3934357	4175662	2256969	2929104	19292	1225709	1225755	2710403	3327914	3052163	3368380	2109505	2307722	1331976	1352428	1829693	880585	3487919	282983	530466	2710225	995294	1025260	1067772	1076143	1743994	1880660	2594634	
2256969	228306	291662	2710403	706919	2929104	2978558	1189561	1225736	3324521	1437692	3538452	3709328	1738859	1818344	3934357	4175662	19292	3052163	1225709	1225755	3368380	6414	4203664	2109505	16524	2114674	4212118	2118511	23015	2120335	4220695	2134162	4232072	39738	2138349	2144932	4244426	2152423	4273667	
2256969	228306	291662	2710403	706919	2929104	2978558	1189561	1225736	3324521	1437692	3709328	1738859	1818344	3934357	4175662	19292	3052163	1225709	1225755	3368380	6414	4203664	2109505	16524	2114674	4212118	2118511	23015	2120335	4220695	2134162	4232072	39738	2138349	2144932	4244426	2152423	4273667	4280958	
2256969	228306	291662	2710403	706919	2929104	2978558	1189561	1225736	1437692	3709328	1738859	1818344	3934357	4175662	19292	3052163	1225709	1225755	3368380	6414	4203664	2109505	16524	2114674	4212118	2118511	23015	2120335	4220695	2134162	4232072	39738	2138349	2144932	4244426	2152423	4273667	4280958	87216	
