为各个系统在整个数据集上所有查询的平均表现
图表样式说明：
柱状图：
纵轴nDCG,横轴1-5表示例子数量，每个系统对应一个柱状

数据：<ndcg10>;<ndcg20>

eser：
0.787072017862545;0.800648069367524
0.8384119889067772;0.8635157993677471
0.8580466521609864;0.8845663465820627
0.8887105437692729;0.9190899674261537
0.8859724833292195;0.9197634051682216
relsim:
0.6131036822339513;0.6193719194440509
0.6439469703167491;0.6640321068782934
0.6563017821499382;0.6737672317281317
0.6542972154521142;0.682342856994134
0.666094347981088;0.6815494865900765
exhaustive:
0.8841974446492994;0.887584954557054
0.931095783612906;0.9400757500946948
0.9379810242392816;0.9456322934877734
0.9459837115853933;0.9578878958141277
0.9506620136993076;0.9622016703754954
heuristic:
0.8524521609842416;0.8507152052329173
0.9418391614380608;0.9455222704636731
0.9524460355261457;0.9616825138671001
0.9484477943097445;0.9591644167000222
0.9708506709006545;0.98072501777296
proxembed2:
0.4326687414591507;0.4509009379243352
0.40982108491143937;0.41250269646362714
0.4022995440973937;0.4205603757061974
0.4104443894945374;0.4416644085892196
0.37144170020382455;0.40060976269770376
d2age2:
0.6688340708259806;0.648439483534206
0.6274915826466256;0.636849181879786
0.6720513709936207;0.675147537012236
0.7457815125543222;0.7357155117181435
0.6974879943936839;0.6978377284738132
