为各个系统在整个数据集上所有查询的平均表现
图表样式说明：
柱状图：
纵轴nDCG,横轴1-5表示例子数量，每个系统对应一个柱状

数据：<ndcg10>;<ndcg20>

eser：
0.4741883195687049;0.4947688452150338
0.555323940324946;0.5601029796749774
0.55043329042543;0.551756393581186
0.5657737164464746;0.5740300425952664
0.572017569808552;0.5834285789365312
relsim:
0.30788268998427304;0.3126058087459059
0.3380689216771812;0.34665825450329674
0.3564773197619133;0.37032533363259573
0.3501282016037503;0.36379966375969586
0.3382656183685123;0.3562864265075326
exhaustive:
0.3470510181397143;0.3220593291979994
0.6210910761178963;0.5785006249390053
0.6423057330710209;0.6110023388784728
0.6731353447753559;0.6564985861150462
0.6935277429685933;0.6678375830310631
heuristic:
0.3051673935979549;0.301958636717098
0.770060218300515;0.6799979657080398
0.8429259628861534;0.7667453735641845
0.8730956976341173;0.8221196083879466
0.8801387020343223;0.8382884695139756
proxembed2:
*
d2age2:
*

*表示待定